913 1325 -0.310943 [19, 20, 37, 25, 8, 18, 32, 11, 22, 29, 33, 26, 39, 17, 13, 15, 6, 30, 24, 16, 14, 36, 10, 0, 34, 3, 31, 5, 35, 21, 9, 1, 27, 4, 2, 28, 23, 7, 38, 12, ]
913 1397 -0.346457 [22, 32, 4, 26, 35, 37, 19, 30, 34, 21, 25, 11, 24, 29, 13, 5, 3, 16, 39, 6, 27, 1, 28, 15, 36, 33, 0, 18, 10, 38, 20, 2, 14, 8, 23, 31, 17, 9, 7, 12, ]
913 965 -0.053886 [25, 21, 33, 3, 0, 5, 34, 36, 8, 11, 15, 28, 24, 27, 4, 30, 35, 6, 1, 19, 18, 16, 14, 10, 38, 22, 26, 37, 9, 13, 29, 2, 32, 20, 23, 17, 31, 39, 7, 12, ]
1225 1578 -0.223701 [21, 24, 19, 14, 23, 7, 31, 4, 29, 20, 27, 28, 22, 10, 25, 2, 35, 3, 33, 37, 6, 26, 34, 1, 13, 9, 18, 17, 32, 39, 15, 8, 38, 12, 16, 30, 36, 11, 5, 0, ]
1225 1374 -0.108443 [39, 14, 32, 26, 15, 19, 20, 24, 37, 29, 9, 11, 3, 34, 17, 35, 8, 23, 33, 22, 7, 18, 6, 1, 10, 12, 27, 4, 38, 21, 13, 2, 31, 36, 25, 30, 16, 5, 0, 28, ]
1225 1374 -0.108443 [6, 37, 32, 31, 33, 25, 8, 34, 15, 2, 39, 9, 23, 29, 22, 20, 14, 19, 7, 1, 17, 3, 21, 35, 4, 11, 18, 12, 24, 38, 13, 26, 10, 30, 27, 36, 16, 5, 0, 28, ]
537 585 -0.0820513 [37, 23, 27, 24, 38, 10, 4, 28, 35, 18, 1, 39, 22, 25, 0, 32, 13, 31, 19, 7, 29, 6, 5, 34, 14, 12, 15, 30, 21, 3, 33, 9, 17, 2, 8, 20, 16, 26, 11, 36, ]
537 963 -0.442368 [0, 33, 5, 2, 22, 23, 34, 29, 35, 15, 20, 18, 25, 39, 10, 4, 1, 30, 14, 19, 24, 3, 16, 12, 37, 38, 32, 28, 13, 21, 7, 27, 9, 17, 6, 26, 8, 31, 11, 36, ]
537 963 -0.442368 [1, 0, 3, 13, 25, 34, 4, 8, 9, 37, 15, 18, 27, 2, 5, 29, 35, 31, 14, 39, 6, 21, 16, 24, 22, 30, 12, 10, 32, 28, 19, 33, 38, 7, 20, 17, 26, 23, 11, 36, ]
2094 2252 -0.0701599 [27, 11, 3, 15, 18, 14, 25, 33, 16, 36, 22, 23, 34, 24, 5, 9, 17, 39, 0, 28, 21, 35, 8, 26, 32, 4, 7, 20, 12, 37, 19, 2, 38, 10, 13, 31, 30, 29, 1, 6, ]
2094 2475 -0.153939 [12, 21, 24, 4, 32, 33, 16, 7, 0, 30, 25, 38, 27, 29, 23, 18, 39, 36, 5, 15, 26, 28, 10, 22, 14, 17, 19, 34, 20, 3, 35, 11, 8, 37, 2, 13, 31, 1, 9, 6, ]
2094 2391 -0.124216 [27, 17, 37, 5, 25, 13, 4, 24, 14, 32, 10, 15, 0, 8, 2, 7, 21, 22, 12, 34, 23, 29, 35, 28, 36, 26, 11, 9, 19, 20, 16, 18, 30, 33, 1, 39, 31, 3, 6, 38, ]
990 1090 -0.0917431 [20, 19, 12, 11, 14, 24, 7, 17, 6, 5, 10, 15, 27, 22, 30, 31, 28, 38, 25, 33, 21, 23, 2, 16, 34, 9, 0, 36, 3, 8, 18, 35, 32, 39, 29, 37, 1, 26, 4, 13, ]
990 1149 -0.138381 [23, 27, 20, 19, 17, 6, 35, 24, 16, 10, 22, 3, 9, 34, 39, 31, 5, 28, 14, 2, 32, 11, 0, 18, 36, 33, 4, 8, 37, 30, 21, 38, 15, 7, 29, 1, 26, 12, 25, 13, ]
990 1147 -0.136879 [28, 34, 0, 24, 11, 19, 12, 1, 14, 23, 6, 10, 15, 9, 36, 35, 17, 33, 39, 8, 27, 22, 7, 18, 37, 25, 20, 3, 31, 30, 32, 38, 16, 5, 29, 21, 26, 4, 2, 13, ]
6955 6963 -0.00114893 [30, 4, 17, 28, 5, 24, 38, 29, 13, 39, 37, 16, 21, 35, 7, 31, 25, 1, 11, 36, 34, 2, 9, 10, 12, 22, 15, 3, 19, 20, 33, 32, 23, 8, 27, 26, 6, 18, 0, 14, ]
6955 7140 -0.0259104 [34, 38, 1, 37, 21, 2, 28, 17, 5, 22, 39, 9, 4, 12, 29, 25, 35, 16, 19, 31, 11, 7, 13, 15, 10, 24, 30, 36, 20, 3, 33, 27, 8, 32, 23, 26, 6, 18, 0, 14, ]
6955 7105 -0.0211119 [17, 35, 25, 38, 27, 31, 10, 22, 37, 24, 16, 7, 1, 9, 11, 28, 13, 29, 5, 21, 30, 4, 39, 12, 34, 2, 36, 15, 19, 3, 20, 33, 32, 23, 8, 26, 6, 18, 0, 14, ]
6324 6665 -0.0511628 [29, 34, 22, 14, 5, 10, 33, 0, 18, 31, 26, 36, 15, 37, 39, 30, 1, 20, 6, 17, 23, 7, 28, 9, 16, 19, 11, 27, 24, 32, 2, 35, 21, 25, 13, 4, 12, 38, 3, 8, ]
6324 6745 -0.0624166 [22, 6, 29, 23, 36, 26, 7, 20, 14, 34, 16, 18, 27, 10, 33, 9, 15, 19, 31, 11, 0, 39, 30, 24, 2, 17, 28, 5, 32, 37, 1, 35, 21, 25, 4, 13, 38, 12, 3, 8, ]
6324 6920 -0.0861272 [18, 31, 15, 0, 32, 16, 39, 26, 37, 23, 22, 2, 28, 34, 19, 10, 36, 27, 20, 4, 9, 29, 6, 1, 30, 5, 11, 14, 17, 24, 7, 35, 33, 21, 25, 13, 12, 38, 3, 8, ]
6865 7829 -0.123132 [10, 7, 24, 14, 12, 21, 15, 5, 30, 29, 31, 2, 26, 6, 39, 37, 4, 20, 36, 19, 23, 35, 0, 16, 38, 33, 34, 11, 18, 8, 22, 25, 3, 1, 27, 28, 32, 9, 17, 13, ]
6865 6882 -0.00247021 [14, 39, 24, 4, 7, 19, 26, 10, 36, 18, 0, 33, 2, 15, 16, 27, 23, 30, 31, 12, 37, 5, 29, 8, 21, 34, 11, 38, 3, 22, 25, 1, 28, 6, 32, 35, 17, 20, 9, 13, ]
6865 7584 -0.0948049 [25, 19, 20, 16, 34, 3, 21, 14, 4, 26, 37, 2, 23, 6, 7, 12, 8, 24, 36, 11, 39, 33, 0, 27, 5, 30, 15, 10, 29, 18, 22, 38, 31, 28, 1, 32, 9, 35, 17, 13, ]
16225 17158 -0.054377 [4, 39, 10, 27, 31, 12, 8, 11, 36, 16, 24, 22, 35, 9, 18, 5, 21, 33, 2, 29, 30, 25, 19, 38, 34, 20, 26, 14, 6, 0, 17, 13, 15, 1, 23, 7, 37, 32, 28, 3, ]
16225 16483 -0.0156525 [37, 24, 34, 10, 11, 18, 33, 20, 38, 25, 35, 21, 36, 8, 30, 14, 27, 16, 22, 31, 12, 19, 2, 5, 29, 9, 6, 39, 0, 4, 13, 17, 26, 15, 23, 7, 32, 1, 28, 3, ]
16225 16565 -0.0205252 [8, 34, 10, 20, 35, 16, 5, 21, 30, 39, 2, 14, 37, 24, 29, 13, 33, 25, 9, 36, 12, 31, 19, 27, 22, 11, 18, 38, 6, 0, 17, 4, 26, 15, 23, 7, 1, 32, 28, 3, ]
9737 10282 -0.0530053 [15, 12, 0, 27, 35, 34, 7, 24, 37, 29, 3, 25, 19, 38, 9, 14, 13, 32, 31, 6, 36, 33, 1, 21, 39, 8, 28, 30, 2, 22, 10, 17, 26, 20, 18, 4, 5, 23, 11, 16, ]
9737 9986 -0.0249349 [25, 32, 34, 37, 24, 33, 19, 2, 20, 9, 21, 3, 29, 0, 14, 36, 7, 30, 15, 26, 38, 31, 35, 8, 28, 13, 27, 1, 39, 10, 12, 22, 17, 6, 18, 4, 23, 5, 11, 16, ]
9737 10171 -0.0426703 [2, 37, 3, 9, 24, 29, 25, 12, 31, 19, 39, 38, 34, 8, 0, 7, 35, 13, 36, 33, 32, 21, 15, 14, 28, 20, 30, 27, 1, 22, 10, 26, 17, 4, 6, 18, 5, 23, 11, 16, ]
17465 18171 -0.0388531 [0, 7, 9, 35, 13, 30, 1, 26, 33, 17, 34, 37, 19, 2, 3, 21, 18, 16, 31, 11, 29, 28, 6, 27, 14, 38, 12, 36, 32, 25, 39, 24, 4, 22, 23, 15, 20, 5, 10, 8, ]
17465 17804 -0.0190407 [3, 9, 6, 37, 34, 11, 31, 2, 35, 28, 17, 19, 30, 26, 13, 18, 33, 16, 12, 1, 38, 7, 21, 29, 14, 36, 0, 32, 25, 27, 24, 8, 4, 39, 20, 15, 23, 5, 10, 22, ]
17465 17830 -0.0204711 [34, 7, 30, 19, 35, 33, 31, 11, 6, 12, 16, 17, 13, 1, 0, 26, 28, 3, 9, 2, 37, 21, 18, 29, 36, 14, 38, 32, 25, 27, 24, 22, 4, 20, 39, 15, 23, 5, 10, 8, ]
19312 19416 -0.00535641 [32, 37, 20, 34, 2, 19, 12, 36, 11, 14, 39, 3, 10, 30, 31, 23, 15, 0, 18, 6, 1, 33, 27, 9, 5, 25, 8, 16, 29, 22, 13, 21, 4, 26, 7, 24, 38, 28, 17, 35, ]
19312 19454 -0.00729927 [36, 37, 11, 10, 6, 1, 33, 18, 32, 12, 2, 23, 14, 34, 13, 3, 15, 39, 30, 31, 19, 20, 0, 9, 5, 25, 8, 27, 29, 16, 22, 21, 26, 4, 7, 24, 38, 28, 17, 35, ]
19312 19564 -0.0128808 [39, 33, 15, 23, 36, 31, 19, 2, 27, 12, 32, 1, 30, 10, 37, 14, 20, 6, 11, 0, 5, 9, 3, 34, 18, 25, 8, 16, 29, 22, 21, 13, 4, 26, 7, 24, 38, 28, 17, 35, ]
29256 29629 -0.012589 [21, 4, 8, 36, 13, 24, 33, 11, 26, 6, 16, 15, 0, 28, 39, 35, 12, 30, 19, 29, 25, 10, 20, 34, 31, 5, 22, 27, 37, 3, 1, 32, 18, 2, 14, 38, 7, 9, 17, 23, ]
29256 30880 -0.0525907 [4, 33, 26, 19, 12, 29, 39, 6, 20, 30, 0, 16, 10, 36, 21, 15, 28, 13, 31, 8, 34, 11, 2, 25, 5, 22, 37, 3, 27, 1, 35, 24, 18, 32, 14, 38, 7, 9, 17, 23, ]
29256 29663 -0.0137208 [8, 29, 25, 4, 11, 16, 33, 19, 21, 6, 28, 13, 36, 15, 26, 31, 39, 30, 24, 12, 37, 20, 0, 10, 34, 5, 22, 27, 1, 3, 35, 2, 14, 32, 18, 38, 7, 9, 17, 23, ]
14377 14483 -0.00731893 [20, 11, 12, 18, 39, 37, 5, 26, 3, 35, 23, 33, 29, 24, 32, 25, 13, 34, 15, 31, 19, 9, 8, 21, 1, 10, 2, 4, 28, 16, 6, 30, 14, 17, 0, 38, 7, 27, 36, 22, ]
14377 14768 -0.0264762 [32, 31, 3, 8, 14, 11, 29, 20, 9, 37, 24, 23, 13, 39, 26, 25, 18, 5, 19, 33, 15, 35, 34, 28, 21, 12, 1, 6, 10, 2, 4, 16, 30, 17, 0, 7, 38, 27, 36, 22, ]
14377 14536 -0.0109384 [25, 39, 19, 35, 29, 15, 23, 33, 3, 11, 37, 18, 24, 20, 34, 5, 26, 32, 13, 31, 4, 21, 9, 12, 1, 8, 10, 28, 6, 2, 16, 30, 14, 17, 0, 38, 7, 27, 36, 22, ]
26914 28558 -0.0575671 [21, 36, 31, 24, 30, 39, 2, 9, 14, 28, 3, 29, 22, 20, 1, 0, 18, 19, 35, 26, 34, 16, 25, 27, 7, 15, 38, 4, 6, 10, 37, 5, 8, 13, 23, 33, 32, 11, 12, 17, ]
26914 27161 -0.00909392 [9, 14, 3, 2, 22, 31, 34, 24, 6, 19, 39, 28, 36, 18, 16, 29, 26, 35, 1, 30, 21, 20, 0, 25, 15, 27, 7, 38, 4, 10, 37, 5, 13, 8, 23, 33, 32, 11, 12, 17, ]
26914 28166 -0.0444508 [3, 2, 6, 20, 30, 18, 1, 14, 24, 28, 19, 0, 26, 31, 21, 35, 29, 10, 22, 25, 9, 39, 36, 34, 7, 27, 15, 38, 4, 16, 5, 37, 8, 13, 23, 33, 32, 11, 12, 17, ]
72317 72679 -0.00498081 [19, 12, 30, 1, 27, 11, 33, 37, 5, 34, 3, 2, 23, 18, 38, 7, 25, 32, 0, 8, 17, 9, 4, 13, 22, 20, 24, 28, 26, 36, 29, 14, 39, 6, 10, 21, 16, 15, 35, 31, ]
72317 72570 -0.00348629 [3, 30, 19, 27, 15, 11, 33, 37, 5, 2, 34, 23, 38, 1, 7, 18, 25, 0, 8, 32, 17, 4, 9, 13, 22, 24, 28, 20, 26, 36, 29, 14, 6, 39, 10, 21, 16, 12, 35, 31, ]
72317 72605 -0.00396667 [19, 37, 30, 33, 3, 27, 15, 11, 5, 2, 34, 25, 1, 38, 7, 23, 18, 32, 0, 4, 8, 9, 17, 22, 13, 24, 28, 20, 26, 36, 29, 14, 39, 6, 10, 21, 16, 12, 35, 31, ]
78623 79049 -0.00538906 [28, 27, 22, 17, 30, 38, 3, 12, 2, 37, 18, 9, 0, 24, 16, 6, 35, 14, 8, 23, 4, 15, 5, 33, 34, 26, 32, 36, 39, 19, 21, 20, 7, 29, 10, 11, 1, 25, 31, 13, ]
78623 78966 -0.00434364 [30, 23, 28, 37, 12, 17, 27, 2, 38, 9, 22, 0, 3, 24, 16, 6, 18, 35, 14, 8, 15, 4, 5, 33, 26, 34, 32, 36, 39, 19, 21, 29, 20, 7, 10, 11, 1, 25, 31, 13, ]
78623 78752 -0.00163805 [30, 12, 18, 27, 28, 37, 23, 38, 2, 17, 9, 22, 0, 3, 24, 16, 6, 35, 14, 8, 15, 4, 5, 33, 26, 34, 32, 36, 39, 21, 19, 29, 20, 7, 10, 11, 1, 25, 31, 13, ]
74310 74443 -0.0017866 [38, 22, 19, 15, 17, 21, 9, 25, 2, 3, 11, 7, 0, 30, 24, 34, 23, 1, 14, 10, 8, 36, 32, 31, 13, 18, 26, 20, 39, 16, 28, 12, 6, 29, 5, 37, 35, 33, 4, 27, ]
74310 74342 -0.000430443 [17, 15, 9, 19, 22, 25, 38, 32, 2, 3, 7, 11, 30, 0, 24, 23, 34, 8, 1, 10, 21, 14, 36, 31, 13, 18, 26, 20, 28, 39, 16, 12, 6, 29, 5, 37, 35, 33, 4, 27, ]
74310 74779 -0.00627181 [25, 9, 19, 22, 17, 15, 7, 2, 38, 3, 11, 21, 0, 30, 24, 23, 26, 1, 8, 10, 14, 36, 32, 13, 31, 18, 34, 39, 28, 20, 16, 12, 6, 29, 5, 37, 35, 33, 4, 27, ]
77122 77654 -0.0068509 [2, 25, 1, 36, 12, 17, 38, 13, 20, 35, 29, 26, 18, 8, 4, 10, 19, 9, 30, 21, 33, 28, 37, 7, 3, 24, 27, 16, 5, 14, 23, 31, 39, 6, 11, 0, 34, 15, 32, 22, ]
77122 77372 -0.00323114 [12, 25, 7, 38, 1, 17, 13, 20, 35, 36, 2, 29, 26, 19, 18, 4, 10, 8, 9, 11, 33, 21, 37, 28, 3, 24, 27, 16, 5, 23, 14, 31, 39, 6, 30, 0, 34, 15, 32, 22, ]
77122 77470 -0.00449206 [12, 1, 13, 18, 17, 38, 19, 25, 20, 36, 29, 2, 26, 35, 8, 10, 4, 11, 9, 33, 21, 37, 7, 28, 15, 24, 27, 16, 5, 23, 14, 31, 39, 30, 6, 0, 34, 3, 32, 22, ]
63229 64299 -0.016641 [30, 20, 5, 16, 25, 27, 36, 14, 28, 1, 34, 4, 35, 31, 13, 11, 9, 15, 18, 2, 10, 33, 21, 6, 32, 37, 19, 7, 8, 38, 29, 26, 3, 22, 17, 39, 24, 0, 23, 12, ]
63229 63240 -0.000173941 [20, 4, 27, 30, 28, 25, 16, 6, 1, 34, 31, 35, 11, 9, 15, 5, 13, 36, 14, 18, 2, 33, 10, 21, 32, 37, 19, 7, 8, 38, 26, 29, 3, 22, 17, 39, 0, 24, 23, 12, ]
63229 64154 -0.0144184 [28, 30, 4, 27, 16, 20, 31, 34, 25, 1, 5, 13, 35, 9, 11, 10, 15, 14, 36, 18, 2, 33, 21, 32, 37, 6, 19, 7, 8, 38, 26, 29, 3, 22, 17, 39, 24, 0, 23, 12, ]
77774 77785 -0.000141415 [39, 4, 10, 3, 9, 37, 20, 1, 21, 16, 14, 12, 24, 35, 18, 27, 8, 17, 11, 13, 19, 33, 31, 29, 15, 2, 38, 7, 25, 0, 5, 34, 28, 23, 30, 36, 22, 32, 6, 26, ]
77774 77783 -0.000115707 [39, 4, 10, 3, 9, 37, 1, 20, 21, 16, 12, 14, 24, 35, 23, 8, 18, 11, 17, 13, 19, 33, 31, 15, 29, 2, 38, 7, 25, 0, 5, 34, 28, 27, 30, 36, 22, 32, 26, 6, ]
77774 77829 -0.000706677 [39, 4, 3, 10, 9, 1, 37, 20, 21, 12, 16, 14, 24, 35, 18, 27, 8, 11, 17, 33, 13, 19, 31, 15, 29, 2, 38, 7, 25, 0, 5, 34, 23, 28, 30, 36, 22, 32, 26, 6, ]
100484 100552 -0.000676267 [0, 35, 8, 27, 29, 2, 6, 1, 34, 26, 36, 20, 33, 31, 25, 32, 21, 16, 4, 30, 17, 5, 28, 7, 24, 38, 10, 37, 14, 12, 15, 3, 9, 19, 39, 18, 22, 13, 23, 11, ]
100484 100546 -0.000616633 [0, 35, 8, 31, 6, 2, 29, 1, 33, 34, 20, 26, 36, 27, 25, 32, 21, 16, 4, 30, 17, 5, 28, 24, 7, 38, 10, 14, 37, 12, 15, 3, 9, 19, 39, 18, 22, 13, 23, 11, ]
100484 100553 -0.000686205 [0, 35, 8, 31, 6, 29, 2, 1, 34, 26, 20, 33, 27, 36, 25, 21, 32, 16, 4, 30, 17, 5, 28, 7, 38, 24, 10, 37, 14, 15, 12, 3, 9, 19, 39, 18, 22, 13, 23, 11, ]
135618 135651 -0.000243271 [22, 37, 13, 16, 38, 28, 0, 5, 10, 14, 29, 15, 9, 26, 21, 24, 32, 35, 6, 11, 8, 30, 25, 4, 31, 36, 1, 19, 17, 20, 34, 18, 7, 39, 2, 3, 12, 27, 33, 23, ]
135618 135685 -0.000493791 [22, 37, 13, 16, 38, 0, 5, 28, 10, 14, 29, 15, 9, 21, 26, 24, 32, 6, 8, 35, 11, 30, 4, 25, 31, 36, 1, 19, 17, 20, 34, 18, 39, 7, 2, 3, 12, 27, 33, 23, ]
135618 136274 -0.00481383 [13, 22, 37, 28, 16, 0, 38, 5, 14, 9, 10, 15, 29, 26, 24, 21, 32, 8, 6, 11, 35, 33, 30, 31, 19, 4, 36, 1, 17, 20, 34, 18, 7, 39, 2, 3, 12, 27, 25, 23, ]
119947 120679 -0.00606568 [27, 3, 36, 11, 5, 21, 8, 10, 34, 18, 26, 38, 7, 4, 14, 22, 33, 28, 30, 39, 6, 25, 16, 20, 1, 29, 37, 13, 9, 35, 0, 31, 17, 23, 24, 19, 12, 2, 15, 32, ]
119947 119947 0 [15, 27, 36, 11, 21, 18, 8, 5, 10, 34, 38, 7, 26, 22, 14, 4, 28, 23, 30, 33, 6, 39, 16, 20, 1, 29, 9, 13, 37, 35, 31, 0, 17, 25, 24, 19, 2, 12, 3, 32, ]
119947 120028 -0.000674843 [15, 27, 36, 11, 21, 8, 10, 5, 34, 38, 18, 7, 26, 22, 4, 14, 28, 25, 30, 33, 6, 39, 16, 20, 1, 29, 9, 13, 37, 35, 31, 0, 17, 23, 24, 19, 2, 12, 3, 32, ]
128747 128915 -0.00130318 [12, 35, 9, 19, 24, 29, 18, 21, 38, 16, 1, 17, 27, 28, 14, 34, 32, 30, 3, 33, 23, 25, 2, 20, 7, 26, 8, 11, 4, 0, 31, 5, 36, 10, 15, 13, 39, 37, 6, 22, ]
128747 128786 -0.000302828 [12, 35, 9, 19, 29, 38, 21, 16, 1, 18, 24, 17, 27, 28, 34, 14, 32, 30, 3, 33, 23, 2, 20, 25, 26, 7, 8, 11, 4, 0, 5, 31, 10, 36, 15, 13, 39, 37, 6, 22, ]
128747 128796 -0.000380447 [12, 35, 9, 19, 29, 38, 21, 16, 18, 1, 17, 27, 24, 28, 34, 14, 32, 30, 3, 33, 23, 2, 25, 20, 26, 7, 11, 8, 4, 5, 0, 31, 36, 15, 10, 39, 13, 37, 6, 22, ]
108 356 -0.696629 [19, 25, 14, 5, 9, 3, 39, 8, 20, 18, 0, 22, 24, 34, 35, 37, 36, 21, 30, 7, 4, 32, 15, 11, 29, 12, 2, 1, 31, 23, 38, 28, 13, 17, 6, 33, 26, 27, 10, 16, ]
108 144 -0.25 [36, 13, 25, 35, 0, 12, 28, 39, 8, 24, 23, 5, 37, 20, 38, 9, 15, 29, 3, 11, 21, 10, 7, 1, 22, 30, 4, 31, 18, 14, 2, 19, 32, 34, 6, 27, 17, 26, 33, 16, ]
108 298 -0.637584 [2, 1, 23, 30, 9, 3, 22, 14, 38, 5, 4, 25, 12, 20, 32, 15, 28, 26, 7, 29, 0, 36, 13, 37, 19, 11, 39, 21, 24, 18, 8, 35, 6, 27, 34, 31, 10, 33, 17, 16, ]
64 70 -0.0857143 [25, 3, 12, 17, 36, 35, 5, 4, 21, 7, 29, 8, 22, 23, 11, 15, 34, 13, 2, 14, 31, 26, 9, 28, 32, 24, 27, 20, 19, 1, 0, 16, 6, 10, 18, 38, 30, 33, 37, 39, ]
64 70 -0.0857143 [26, 35, 23, 22, 3, 29, 17, 8, 34, 18, 0, 27, 5, 13, 38, 36, 24, 31, 4, 12, 15, 20, 32, 6, 21, 28, 25, 11, 9, 2, 10, 1, 14, 33, 16, 7, 19, 37, 30, 39, ]
64 70 -0.0857143 [4, 37, 31, 24, 34, 22, 27, 23, 12, 5, 32, 25, 35, 29, 17, 13, 20, 36, 16, 11, 0, 3, 2, 6, 15, 1, 26, 33, 9, 18, 21, 38, 8, 14, 10, 19, 28, 7, 30, 39, ]
15 48 -0.6875 [1, 32, 7, 24, 28, 20, 2, 12, 26, 15, 14, 8, 21, 6, 39, 31, 22, 4, 38, 25, 16, 5, 19, 17, 10, 27, 30, 3, 34, 36, 23, 33, 35, 0, 9, 13, 37, 29, 18, 11, ]
15 15 0 [6, 4, 25, 8, 15, 24, 5, 30, 38, 10, 16, 2, 29, 7, 39, 31, 1, 12, 3, 27, 19, 32, 20, 35, 22, 26, 21, 28, 23, 13, 17, 34, 0, 36, 14, 9, 37, 18, 11, 33, ]
15 48 -0.6875 [13, 27, 23, 3, 5, 6, 17, 20, 32, 31, 25, 21, 2, 4, 16, 37, 14, 7, 26, 24, 35, 0, 19, 29, 12, 15, 28, 8, 1, 39, 38, 22, 34, 10, 30, 33, 36, 9, 18, 11, ]
47 216 -0.782407 [7, 12, 31, 25, 19, 22, 32, 0, 1, 13, 20, 29, 17, 33, 5, 15, 4, 6, 24, 23, 30, 38, 35, 11, 3, 14, 34, 26, 36, 27, 16, 18, 21, 37, 28, 9, 8, 39, 10, 2, ]
47 47 0 [24, 37, 31, 22, 27, 21, 2, 29, 14, 1, 20, 33, 11, 0, 12, 15, 7, 36, 17, 32, 3, 5, 13, 30, 18, 16, 19, 34, 6, 38, 26, 23, 35, 28, 9, 8, 39, 25, 10, 4, ]
47 47 0 [30, 19, 1, 13, 24, 15, 31, 11, 14, 0, 5, 9, 7, 36, 2, 12, 17, 27, 33, 23, 18, 32, 8, 34, 35, 21, 29, 20, 26, 3, 38, 6, 16, 22, 37, 28, 39, 25, 10, 4, ]
98 392 -0.75 [19, 25, 13, 16, 36, 4, 12, 20, 10, 9, 32, 5, 17, 15, 28, 27, 6, 38, 14, 3, 33, 23, 1, 30, 31, 0, 21, 18, 11, 26, 2, 37, 7, 34, 8, 29, 39, 22, 24, 35, ]
98 98 0 [16, 10, 35, 27, 22, 14, 26, 2, 37, 31, 32, 1, 4, 13, 12, 17, 7, 38, 28, 3, 15, 39, 21, 6, 30, 36, 25, 9, 29, 34, 11, 0, 33, 18, 23, 20, 8, 5, 19, 24, ]
98 362 -0.729282 [21, 34, 3, 27, 19, 5, 29, 26, 25, 31, 15, 33, 8, 1, 38, 39, 4, 11, 14, 16, 36, 10, 23, 6, 9, 18, 20, 30, 7, 32, 17, 12, 28, 13, 37, 0, 2, 22, 35, 24, ]
6575 6595 -0.0030326 [17, 15, 2, 21, 4, 34, 27, 22, 28, 23, 30, 14, 37, 5, 24, 16, 26, 36, 32, 6, 7, 39, 8, 13, 31, 3, 29, 0, 11, 12, 1, 18, 35, 10, 25, 33, 38, 20, 9, 19, ]
6575 6894 -0.0462721 [36, 37, 27, 11, 15, 6, 13, 17, 34, 26, 24, 2, 39, 7, 31, 30, 5, 16, 23, 21, 22, 32, 14, 8, 28, 35, 29, 0, 3, 12, 1, 18, 10, 4, 25, 33, 38, 20, 9, 19, ]
6575 7379 -0.108958 [30, 6, 11, 23, 21, 32, 37, 26, 2, 15, 3, 22, 7, 17, 35, 24, 36, 16, 34, 5, 13, 39, 31, 14, 4, 33, 29, 28, 0, 27, 1, 10, 18, 12, 25, 8, 38, 20, 9, 19, ]
4098 5543 -0.260689 [29, 33, 26, 5, 35, 0, 38, 34, 14, 18, 13, 22, 23, 36, 28, 16, 15, 37, 10, 9, 31, 21, 20, 6, 25, 17, 39, 8, 27, 19, 32, 2, 24, 12, 11, 3, 4, 30, 7, 1, ]
4098 4225 -0.0300592 [3, 21, 37, 10, 26, 9, 25, 39, 5, 31, 34, 13, 23, 35, 29, 14, 16, 33, 6, 38, 8, 18, 15, 17, 0, 28, 20, 19, 36, 27, 22, 32, 24, 2, 11, 4, 12, 30, 7, 1, ]
4098 4127 -0.0070269 [10, 29, 16, 21, 3, 37, 33, 34, 26, 35, 27, 31, 28, 13, 23, 5, 18, 15, 9, 14, 39, 38, 6, 20, 0, 25, 32, 8, 36, 17, 22, 2, 24, 11, 19, 12, 4, 30, 7, 1, ]
5468 6407 -0.146558 [32, 14, 29, 28, 13, 5, 16, 19, 20, 0, 25, 31, 8, 2, 39, 21, 23, 1, 37, 15, 30, 36, 22, 12, 38, 11, 4, 18, 17, 6, 27, 3, 33, 35, 26, 34, 7, 10, 24, 9, ]
5468 5883 -0.0705422 [25, 19, 36, 0, 5, 38, 12, 23, 14, 39, 15, 2, 28, 32, 20, 1, 31, 11, 22, 30, 29, 4, 18, 21, 17, 27, 8, 16, 3, 33, 37, 35, 6, 26, 13, 34, 7, 10, 24, 9, ]
5468 6836 -0.200117 [1, 38, 2, 30, 13, 21, 23, 0, 5, 36, 39, 32, 29, 31, 19, 22, 25, 15, 37, 28, 11, 12, 20, 8, 14, 4, 18, 17, 27, 33, 10, 35, 16, 26, 6, 3, 7, 34, 24, 9, ]
2648 2682 -0.0126771 [19, 4, 21, 37, 6, 17, 29, 14, 23, 13, 0, 32, 38, 2, 25, 15, 34, 26, 35, 24, 20, 39, 1, 16, 22, 12, 36, 31, 28, 7, 18, 30, 11, 33, 27, 10, 9, 3, 5, 8, ]
2648 2873 -0.0783153 [37, 13, 9, 14, 23, 6, 2, 34, 20, 25, 29, 31, 26, 15, 24, 35, 12, 22, 16, 21, 17, 1, 28, 0, 10, 7, 4, 19, 32, 38, 39, 30, 18, 33, 11, 27, 36, 3, 5, 8, ]
2648 2822 -0.0616584 [26, 32, 34, 12, 14, 0, 28, 13, 21, 22, 37, 23, 35, 9, 29, 16, 11, 24, 15, 17, 20, 6, 2, 4, 19, 25, 10, 1, 38, 39, 31, 7, 30, 18, 33, 27, 36, 3, 5, 8, ]
5290 6123 -0.136044 [34, 38, 20, 13, 0, 37, 19, 35, 1, 9, 6, 36, 10, 30, 12, 23, 31, 32, 14, 3, 26, 2, 28, 33, 15, 11, 8, 25, 27, 24, 4, 29, 5, 21, 7, 17, 39, 18, 22, 16, ]
5290 5593 -0.0541749 [20, 38, 15, 14, 18, 26, 37, 0, 33, 36, 6, 30, 28, 24, 1, 19, 2, 31, 39, 21, 27, 9, 23, 25, 34, 10, 12, 35, 8, 11, 13, 4, 29, 5, 7, 17, 32, 3, 22, 16, ]
5290 6317 -0.162577 [2, 19, 38, 3, 24, 34, 6, 13, 10, 25, 8, 32, 26, 12, 21, 0, 36, 31, 28, 1, 9, 30, 33, 37, 15, 35, 11, 23, 14, 20, 5, 4, 29, 27, 7, 17, 18, 39, 22, 16, ]
19732 20509 -0.0378858 [24, 4, 30, 34, 26, 15, 28, 22, 10, 8, 29, 2, 32, 0, 33, 7, 23, 19, 31, 17, 14, 39, 3, 38, 1, 12, 35, 5, 16, 21, 20, 18, 27, 6, 9, 25, 36, 13, 11, 37, ]
19732 21344 -0.0755247 [7, 19, 32, 35, 26, 0, 22, 39, 28, 4, 15, 30, 34, 12, 2, 10, 17, 29, 33, 24, 31, 14, 23, 3, 38, 1, 21, 5, 16, 8, 20, 18, 27, 6, 9, 25, 36, 13, 11, 37, ]
19732 20617 -0.0429257 [39, 29, 0, 4, 2, 26, 7, 28, 19, 3, 30, 34, 22, 15, 33, 10, 23, 24, 31, 14, 17, 21, 38, 1, 32, 5, 35, 16, 8, 12, 20, 18, 6, 27, 9, 25, 36, 13, 11, 37, ]
17349 17951 -0.0335357 [25, 0, 13, 14, 36, 1, 23, 3, 4, 21, 34, 10, 19, 12, 18, 8, 26, 29, 24, 5, 30, 20, 35, 17, 15, 16, 33, 38, 31, 6, 27, 32, 28, 11, 39, 9, 2, 7, 22, 37, ]
17349 18652 -0.0698585 [19, 8, 21, 34, 1, 14, 23, 29, 25, 3, 18, 12, 4, 36, 10, 35, 5, 26, 24, 13, 20, 30, 17, 15, 16, 38, 6, 31, 27, 0, 32, 11, 33, 28, 2, 39, 9, 7, 22, 37, ]
17349 17694 -0.0194981 [0, 3, 29, 34, 25, 8, 16, 19, 14, 5, 1, 4, 21, 23, 30, 18, 10, 26, 24, 20, 35, 17, 13, 15, 12, 31, 38, 36, 6, 27, 32, 28, 11, 9, 33, 39, 2, 7, 22, 37, ]
24499 25278 -0.0308173 [21, 9, 39, 14, 27, 32, 37, 31, 3, 25, 24, 36, 10, 0, 8, 1, 11, 29, 30, 18, 6, 35, 23, 34, 16, 22, 5, 12, 38, 4, 33, 15, 7, 13, 19, 2, 28, 17, 20, 26, ]
24499 25533 -0.0404966 [10, 27, 36, 39, 13, 24, 14, 32, 29, 37, 8, 0, 11, 6, 23, 31, 4, 30, 18, 34, 35, 21, 16, 9, 5, 12, 38, 22, 1, 33, 15, 19, 7, 3, 25, 2, 28, 17, 20, 26, ]
24499 25327 -0.0326924 [36, 4, 21, 27, 32, 35, 9, 14, 25, 24, 6, 39, 31, 10, 8, 0, 37, 11, 29, 30, 23, 18, 34, 16, 5, 12, 22, 38, 1, 33, 19, 15, 7, 3, 13, 2, 28, 17, 20, 26, ]
19008 20954 -0.0928701 [30, 21, 37, 17, 35, 12, 5, 20, 32, 15, 24, 38, 33, 27, 25, 28, 14, 3, 9, 36, 23, 31, 11, 39, 4, 16, 1, 7, 2, 19, 10, 22, 18, 6, 8, 13, 0, 26, 34, 29, ]
19008 21029 -0.0961054 [12, 17, 24, 15, 27, 4, 33, 37, 2, 13, 9, 32, 25, 28, 35, 36, 22, 30, 23, 14, 3, 31, 10, 39, 20, 11, 19, 16, 1, 7, 21, 38, 18, 6, 8, 5, 0, 34, 26, 29, ]
19008 19879 -0.0438151 [4, 27, 38, 13, 23, 35, 32, 12, 37, 22, 24, 33, 17, 25, 14, 28, 3, 10, 31, 9, 30, 36, 11, 39, 20, 16, 1, 2, 7, 19, 15, 21, 18, 6, 8, 5, 0, 26, 34, 29, ]
19611 20399 -0.0386293 [22, 4, 31, 23, 32, 7, 3, 25, 13, 26, 0, 11, 15, 14, 5, 6, 37, 20, 35, 19, 30, 16, 18, 24, 29, 9, 17, 2, 28, 21, 38, 36, 12, 34, 27, 8, 1, 39, 10, 33, ]
19611 19913 -0.015166 [38, 15, 5, 26, 7, 3, 23, 22, 13, 4, 11, 14, 25, 2, 6, 24, 37, 20, 31, 0, 35, 19, 16, 29, 17, 18, 9, 30, 28, 32, 21, 12, 36, 34, 27, 8, 39, 10, 1, 33, ]
19611 21028 -0.0673863 [23, 22, 20, 36, 17, 4, 15, 14, 26, 24, 31, 13, 3, 11, 38, 5, 25, 6, 2, 37, 0, 7, 16, 19, 29, 30, 9, 18, 35, 28, 21, 32, 12, 34, 27, 8, 39, 1, 10, 33, ]
57640 58065 -0.00731938 [27, 16, 21, 20, 10, 6, 17, 26, 35, 1, 19, 14, 4, 8, 15, 24, 28, 22, 5, 23, 18, 36, 0, 9, 11, 30, 3, 2, 38, 37, 25, 13, 29, 39, 31, 34, 7, 33, 12, 32, ]
57640 58129 -0.00841232 [27, 17, 21, 20, 2, 16, 26, 6, 1, 35, 15, 4, 9, 14, 8, 24, 19, 28, 22, 23, 18, 5, 36, 0, 11, 3, 30, 10, 38, 37, 25, 13, 29, 39, 31, 34, 7, 33, 12, 32, ]
57640 59275 -0.0275833 [27, 16, 20, 21, 35, 14, 8, 6, 17, 26, 1, 4, 24, 15, 19, 22, 28, 0, 36, 5, 18, 23, 9, 11, 3, 30, 10, 2, 38, 37, 25, 13, 29, 39, 31, 34, 7, 33, 12, 32, ]
81462 81791 -0.00402245 [26, 9, 7, 38, 5, 22, 6, 1, 20, 21, 3, 11, 2, 13, 34, 33, 19, 0, 27, 15, 39, 32, 24, 16, 4, 12, 18, 31, 10, 14, 37, 36, 8, 35, 23, 30, 29, 25, 28, 17, ]
81462 81825 -0.0044363 [13, 26, 6, 7, 38, 5, 22, 1, 11, 21, 34, 3, 20, 9, 2, 33, 19, 24, 27, 39, 32, 15, 16, 4, 12, 18, 0, 31, 10, 14, 37, 36, 8, 35, 30, 23, 29, 25, 28, 17, ]
81462 81743 -0.0034376 [26, 9, 7, 38, 22, 6, 5, 1, 21, 13, 3, 20, 2, 11, 34, 33, 19, 24, 27, 39, 32, 0, 15, 16, 4, 12, 18, 10, 31, 14, 37, 8, 36, 35, 30, 23, 29, 25, 28, 17, ]
65134 67241 -0.031335 [29, 31, 9, 38, 34, 37, 1, 10, 14, 2, 15, 7, 26, 28, 35, 25, 32, 36, 13, 24, 3, 4, 0, 8, 16, 5, 6, 33, 23, 19, 39, 17, 11, 27, 22, 12, 18, 20, 30, 21, ]
65134 65150 -0.000245587 [29, 31, 9, 38, 34, 1, 37, 26, 10, 25, 14, 2, 15, 7, 16, 32, 35, 13, 36, 8, 3, 24, 28, 4, 0, 5, 6, 23, 33, 19, 17, 11, 39, 27, 22, 12, 18, 20, 30, 21, ]
65134 65747 -0.00932362 [7, 29, 31, 9, 37, 34, 38, 1, 26, 25, 10, 14, 2, 15, 16, 35, 32, 36, 13, 8, 3, 28, 24, 4, 0, 5, 6, 23, 33, 19, 17, 11, 27, 22, 39, 12, 18, 20, 30, 21, ]
78139 79015 -0.0110865 [25, 6, 36, 27, 38, 37, 15, 22, 24, 17, 5, 34, 3, 26, 31, 11, 7, 8, 4, 28, 39, 29, 23, 14, 32, 13, 33, 0, 35, 12, 18, 2, 1, 20, 9, 10, 21, 19, 30, 16, ]
78139 78606 -0.00594102 [25, 27, 31, 37, 15, 36, 22, 6, 5, 24, 34, 17, 38, 26, 11, 3, 7, 8, 4, 28, 39, 29, 23, 14, 32, 33, 13, 0, 12, 35, 18, 2, 20, 1, 9, 10, 21, 19, 30, 16, ]
78139 79046 -0.0114743 [27, 25, 37, 6, 15, 36, 3, 22, 5, 26, 24, 34, 17, 8, 38, 11, 39, 7, 4, 28, 31, 29, 23, 14, 32, 33, 13, 35, 0, 18, 12, 2, 20, 9, 1, 10, 21, 19, 30, 16, ]
66579 67493 -0.0135421 [7, 9, 34, 32, 1, 6, 28, 5, 2, 23, 29, 19, 4, 36, 25, 10, 13, 8, 35, 27, 33, 39, 30, 14, 3, 37, 0, 22, 11, 20, 24, 15, 26, 12, 21, 31, 18, 17, 16, 38, ]
66579 66816 -0.00354705 [34, 9, 32, 37, 1, 30, 28, 7, 23, 29, 4, 36, 33, 19, 10, 13, 8, 35, 27, 39, 25, 5, 14, 2, 3, 0, 6, 22, 11, 20, 15, 24, 26, 12, 21, 31, 18, 17, 16, 38, ]
66579 67594 -0.0150161 [9, 34, 27, 1, 37, 5, 29, 7, 28, 23, 36, 4, 33, 19, 25, 10, 13, 8, 32, 35, 39, 30, 14, 2, 3, 6, 11, 0, 22, 20, 24, 15, 26, 12, 21, 18, 31, 17, 16, 38, ]
64451 64563 -0.00173474 [23, 3, 29, 16, 28, 32, 24, 31, 30, 37, 35, 4, 12, 21, 17, 36, 9, 7, 18, 11, 14, 20, 10, 33, 1, 6, 5, 8, 25, 15, 22, 26, 38, 0, 39, 2, 19, 13, 34, 27, ]
64451 64520 -0.00106944 [23, 3, 29, 16, 28, 32, 24, 30, 12, 37, 4, 35, 31, 17, 36, 21, 9, 7, 18, 11, 14, 20, 10, 1, 33, 6, 5, 8, 25, 15, 22, 38, 26, 0, 2, 19, 39, 13, 34, 27, ]
64451 64510 -0.000914587 [23, 3, 29, 16, 28, 12, 31, 32, 24, 37, 4, 35, 17, 36, 30, 21, 9, 7, 11, 18, 14, 20, 10, 1, 33, 6, 5, 8, 25, 15, 22, 26, 38, 0, 39, 2, 19, 13, 34, 27, ]
113999 114209 -0.00183873 [28, 9, 4, 23, 18, 3, 10, 19, 33, 5, 27, 7, 14, 29, 16, 24, 30, 26, 34, 15, 38, 32, 11, 2, 6, 22, 0, 39, 31, 13, 36, 21, 35, 1, 37, 20, 12, 17, 25, 8, ]
113999 114016 -0.000149102 [28, 9, 4, 23, 18, 3, 10, 19, 5, 16, 27, 7, 14, 33, 29, 24, 30, 34, 26, 15, 38, 20, 2, 11, 6, 0, 22, 39, 13, 31, 35, 21, 36, 37, 1, 32, 12, 17, 25, 8, ]
113999 114122 -0.00107779 [28, 9, 4, 23, 10, 18, 3, 19, 5, 16, 27, 7, 14, 33, 29, 30, 24, 34, 15, 26, 38, 20, 11, 2, 6, 0, 22, 39, 13, 31, 35, 21, 36, 1, 37, 32, 17, 12, 25, 8, ]
74323 74574 -0.00336578 [0, 28, 32, 3, 21, 23, 7, 2, 27, 22, 15, 11, 26, 19, 12, 36, 6, 10, 33, 31, 16, 1, 37, 4, 29, 13, 30, 20, 39, 24, 17, 34, 18, 5, 14, 38, 35, 8, 25, 9, ]
74323 74588 -0.00355285 [0, 28, 32, 3, 21, 23, 7, 27, 22, 19, 15, 11, 33, 26, 36, 2, 6, 10, 16, 12, 31, 1, 37, 29, 13, 30, 4, 39, 20, 24, 17, 18, 34, 5, 14, 38, 8, 35, 25, 9, ]
74323 74413 -0.00120947 [0, 28, 32, 3, 21, 23, 7, 2, 27, 22, 15, 11, 19, 33, 26, 36, 6, 10, 16, 12, 1, 31, 4, 37, 13, 29, 30, 24, 20, 39, 17, 34, 18, 5, 14, 38, 35, 8, 25, 9, ]
110295 110360 -0.000588981 [7, 34, 25, 8, 5, 17, 20, 23, 22, 9, 35, 0, 12, 32, 3, 2, 26, 31, 33, 1, 37, 27, 11, 30, 4, 18, 14, 36, 28, 15, 24, 38, 19, 6, 13, 29, 39, 16, 10, 21, ]
110295 110411 -0.00105062 [7, 25, 34, 8, 5, 29, 20, 23, 22, 35, 0, 9, 12, 32, 2, 3, 26, 31, 1, 37, 33, 27, 11, 30, 4, 14, 18, 28, 36, 24, 15, 6, 38, 19, 13, 17, 39, 16, 10, 21, ]
110295 110382 -0.000788172 [7, 25, 5, 34, 8, 17, 20, 23, 22, 35, 12, 0, 9, 32, 3, 14, 26, 31, 33, 37, 1, 27, 11, 30, 2, 4, 18, 28, 36, 15, 24, 38, 19, 6, 13, 29, 39, 16, 10, 21, ]
95616 95678 -0.000648007 [15, 5, 25, 10, 20, 13, 2, 31, 24, 3, 27, 32, 7, 0, 37, 4, 39, 1, 6, 11, 26, 16, 23, 18, 9, 38, 17, 8, 29, 19, 30, 36, 33, 35, 34, 12, 14, 28, 21, 22, ]
95616 95713 -0.00101345 [15, 10, 5, 25, 20, 13, 2, 3, 31, 24, 27, 32, 4, 0, 6, 37, 7, 39, 16, 1, 11, 26, 23, 18, 9, 8, 38, 17, 19, 29, 30, 36, 33, 34, 12, 35, 14, 28, 21, 22, ]
95616 95786 -0.00177479 [15, 5, 10, 13, 25, 20, 2, 24, 3, 31, 27, 32, 4, 0, 6, 37, 7, 39, 16, 1, 11, 23, 26, 18, 9, 8, 38, 17, 29, 19, 30, 36, 33, 35, 34, 12, 14, 28, 21, 22, ]
0 0 0 [26, 7, 13, 27, 12, 33, 4, 19, 29, 14, 31, 37, 35, 16, 38, 0, 20, 5, 6, 30, 1, 25, 10, 21, 24, 32, 11, 39, 3, 15, 18, 28, 2, 23, 9, 22, 8, 36, 34, 17, ]
0 38 -1 [11, 30, 16, 14, 35, 1, 15, 21, 27, 3, 6, 4, 29, 26, 38, 19, 37, 0, 31, 33, 5, 10, 24, 25, 12, 13, 32, 7, 39, 18, 2, 28, 23, 20, 9, 22, 8, 36, 34, 17, ]
0 0 0 [30, 10, 3, 11, 35, 14, 19, 21, 1, 6, 24, 0, 29, 5, 31, 38, 26, 25, 16, 27, 37, 4, 33, 12, 7, 32, 39, 28, 20, 15, 18, 23, 2, 22, 17, 13, 8, 36, 34, 9, ]
0 0 0 [0, 2, 6, 29, 18, 19, 26, 1, 15, 4, 5, 13, 33, 3, 30, 20, 17, 31, 24, 7, 39, 27, 35, 23, 22, 28, 36, 9, 12, 34, 8, 25, 32, 37, 21, 16, 10, 11, 38, 14, ]
0 0 0 [34, 13, 2, 16, 19, 30, 17, 27, 33, 9, 24, 5, 38, 28, 37, 3, 0, 22, 26, 15, 12, 7, 6, 31, 32, 8, 39, 29, 23, 20, 21, 1, 25, 11, 35, 4, 18, 10, 14, 36, ]
0 0 0 [33, 25, 34, 11, 30, 29, 2, 5, 3, 8, 7, 20, 17, 24, 18, 1, 19, 6, 4, 16, 12, 28, 27, 39, 9, 38, 13, 26, 23, 0, 15, 31, 32, 22, 37, 35, 21, 10, 14, 36, ]
0 0 0 [6, 25, 24, 7, 32, 31, 3, 36, 10, 11, 21, 33, 37, 19, 22, 17, 9, 15, 30, 2, 1, 13, 23, 14, 39, 16, 27, 34, 4, 8, 0, 18, 5, 26, 35, 28, 38, 29, 20, 12, ]
0 0 0 [2, 1, 19, 4, 32, 18, 17, 25, 26, 24, 14, 3, 23, 6, 30, 39, 11, 10, 33, 16, 9, 28, 8, 21, 7, 34, 22, 12, 27, 13, 29, 36, 5, 37, 0, 20, 15, 31, 35, 38, ]
0 0 0 [39, 11, 30, 15, 6, 17, 25, 35, 2, 37, 1, 10, 0, 29, 3, 14, 24, 23, 33, 20, 7, 28, 27, 8, 13, 22, 19, 9, 21, 32, 34, 4, 5, 38, 18, 36, 26, 31, 12, 16, ]
0 0 0 [31, 32, 2, 22, 26, 6, 1, 18, 11, 23, 25, 7, 0, 29, 8, 3, 28, 20, 5, 16, 35, 37, 12, 14, 38, 9, 24, 33, 15, 13, 21, 39, 36, 10, 30, 4, 27, 17, 34, 19, ]
0 0 0 [35, 12, 20, 32, 5, 10, 11, 28, 29, 25, 37, 30, 22, 0, 26, 16, 15, 21, 2, 17, 14, 36, 33, 18, 31, 1, 27, 9, 8, 24, 23, 6, 3, 13, 7, 39, 4, 38, 19, 34, ]
0 0 0 [36, 2, 17, 29, 37, 14, 1, 26, 24, 16, 31, 35, 22, 25, 21, 12, 18, 6, 39, 34, 4, 33, 0, 28, 23, 10, 3, 27, 32, 20, 8, 9, 5, 15, 38, 13, 11, 30, 7, 19, ]
0 0 0 [36, 26, 21, 20, 39, 24, 2, 30, 33, 35, 37, 12, 8, 4, 38, 9, 19, 25, 18, 14, 22, 28, 7, 0, 6, 29, 3, 17, 13, 15, 34, 5, 16, 23, 11, 1, 31, 32, 27, 10, ]
0 0 0 [24, 4, 1, 18, 28, 30, 8, 15, 19, 17, 39, 20, 35, 22, 0, 29, 36, 23, 12, 33, 26, 37, 6, 3, 31, 9, 13, 38, 14, 7, 2, 25, 16, 5, 34, 10, 11, 32, 27, 21, ]
0 0 0 [23, 22, 15, 19, 28, 26, 30, 6, 34, 20, 2, 11, 13, 29, 7, 4, 9, 38, 8, 18, 0, 3, 25, 37, 36, 21, 24, 35, 33, 16, 14, 1, 12, 17, 5, 27, 31, 32, 10, 39, ]
2099 2969 -0.293028 [20, 22, 33, 28, 37, 13, 24, 3, 2, 19, 26, 16, 17, 38, 25, 15, 27, 9, 23, 32, 36, 0, 35, 34, 10, 12, 39, 21, 14, 29, 1, 8, 5, 6, 11, 31, 4, 18, 7, 30, ]
2099 2357 -0.109461 [22, 20, 37, 31, 26, 16, 25, 13, 32, 23, 5, 36, 35, 27, 6, 33, 1, 24, 9, 28, 17, 38, 3, 15, 0, 34, 7, 12, 39, 19, 2, 11, 8, 4, 21, 18, 29, 10, 14, 30, ]
2099 2357 -0.109461 [16, 27, 13, 37, 15, 12, 3, 19, 5, 35, 34, 24, 36, 33, 22, 25, 20, 38, 9, 28, 23, 6, 21, 26, 1, 17, 32, 7, 8, 0, 39, 4, 2, 11, 31, 18, 29, 10, 14, 30, ]
2260 2840 -0.204225 [27, 6, 12, 15, 37, 13, 35, 20, 25, 23, 21, 8, 34, 24, 19, 38, 5, 4, 18, 9, 36, 26, 39, 1, 11, 32, 31, 7, 0, 28, 16, 29, 33, 22, 14, 3, 30, 17, 2, 10, ]
2260 2969 -0.238801 [11, 37, 38, 24, 29, 9, 32, 25, 19, 23, 31, 34, 20, 36, 15, 27, 33, 6, 0, 12, 35, 21, 8, 5, 4, 39, 26, 1, 7, 28, 18, 13, 16, 22, 14, 3, 30, 17, 2, 10, ]
2260 2849 -0.206739 [24, 32, 38, 37, 25, 6, 12, 35, 19, 20, 27, 21, 23, 34, 15, 8, 9, 39, 11, 13, 4, 36, 28, 5, 33, 1, 31, 7, 26, 0, 16, 29, 18, 22, 14, 3, 30, 17, 2, 10, ]
4936 6962 -0.291008 [6, 11, 36, 32, 31, 5, 8, 29, 0, 20, 14, 33, 34, 15, 19, 2, 17, 22, 1, 16, 39, 23, 37, 21, 38, 24, 30, 10, 25, 3, 4, 12, 35, 7, 27, 13, 9, 26, 28, 18, ]
4936 5180 -0.0471042 [6, 1, 32, 22, 28, 36, 19, 33, 39, 34, 11, 21, 9, 0, 23, 17, 14, 2, 20, 15, 16, 31, 29, 24, 10, 30, 37, 5, 38, 25, 4, 12, 7, 35, 27, 13, 26, 8, 3, 18, ]
4936 6875 -0.282036 [14, 37, 39, 11, 36, 29, 8, 15, 21, 0, 2, 23, 34, 33, 19, 17, 6, 1, 16, 31, 24, 32, 20, 38, 30, 10, 25, 5, 4, 12, 9, 7, 35, 13, 27, 26, 22, 28, 3, 18, ]
3784 3792 -0.0021097 [30, 25, 12, 6, 10, 26, 18, 37, 34, 21, 15, 0, 27, 38, 17, 23, 33, 32, 24, 2, 8, 14, 35, 22, 20, 13, 28, 16, 19, 29, 11, 36, 3, 4, 7, 5, 1, 9, 39, 31, ]
3784 4551 -0.168534 [34, 37, 0, 33, 30, 21, 38, 24, 12, 23, 25, 32, 10, 27, 6, 18, 17, 2, 16, 35, 13, 22, 8, 14, 26, 20, 19, 28, 29, 3, 36, 11, 5, 4, 7, 15, 1, 39, 31, 9, ]
3784 5059 -0.252026 [17, 34, 12, 8, 38, 25, 6, 28, 30, 23, 18, 21, 10, 37, 0, 27, 16, 33, 15, 24, 32, 2, 19, 26, 22, 20, 14, 13, 29, 35, 5, 11, 4, 36, 3, 7, 1, 39, 31, 9, ]
3289 4797 -0.314363 [23, 31, 26, 12, 25, 11, 29, 13, 4, 14, 34, 37, 20, 1, 15, 24, 9, 7, 3, 10, 35, 28, 5, 6, 19, 2, 17, 21, 8, 0, 22, 27, 39, 16, 36, 30, 18, 32, 33, 38, ]
3289 3878 -0.151882 [29, 38, 26, 1, 37, 28, 34, 15, 25, 12, 11, 13, 31, 7, 23, 24, 9, 14, 3, 20, 10, 6, 5, 19, 17, 21, 8, 0, 22, 39, 33, 2, 35, 16, 36, 30, 4, 18, 27, 32, ]
3289 4558 -0.278412 [3, 10, 24, 13, 31, 11, 29, 15, 5, 26, 1, 34, 23, 12, 37, 7, 25, 9, 17, 14, 6, 28, 35, 20, 33, 19, 21, 2, 8, 0, 22, 39, 4, 16, 36, 30, 18, 27, 32, 38, ]
20281 22052 -0.0803102 [19, 2, 25, 39, 6, 28, 12, 33, 16, 5, 4, 0, 9, 26, 1, 3, 7, 14, 32, 35, 22, 27, 8, 38, 36, 18, 29, 11, 31, 30, 20, 17, 13, 34, 10, 15, 23, 24, 37, 21, ]
20281 20691 -0.0198154 [33, 19, 6, 39, 25, 22, 16, 5, 4, 32, 1, 9, 28, 3, 26, 7, 14, 12, 8, 36, 35, 38, 2, 18, 29, 27, 0, 11, 17, 30, 20, 34, 13, 10, 31, 15, 23, 24, 37, 21, ]
20281 21266 -0.0463181 [25, 22, 6, 39, 19, 33, 16, 5, 4, 1, 32, 9, 2, 3, 26, 12, 7, 28, 35, 8, 14, 38, 0, 36, 18, 29, 27, 11, 30, 20, 17, 13, 34, 31, 10, 15, 23, 24, 37, 21, ]
13403 14082 -0.0482176 [21, 23, 27, 16, 29, 13, 3, 37, 38, 4, 6, 31, 20, 25, 35, 19, 14, 28, 1, 15, 30, 18, 36, 34, 33, 12, 7, 26, 5, 8, 39, 11, 32, 0, 10, 24, 22, 2, 9, 17, ]
13403 13816 -0.0298929 [3, 25, 21, 29, 37, 13, 16, 23, 38, 4, 6, 20, 11, 35, 19, 14, 28, 31, 15, 1, 30, 27, 18, 36, 7, 34, 12, 33, 8, 26, 5, 39, 0, 10, 32, 24, 22, 2, 9, 17, ]
13403 14026 -0.0444175 [3, 37, 7, 16, 29, 38, 21, 23, 13, 4, 6, 11, 25, 14, 20, 35, 19, 28, 26, 15, 1, 27, 30, 18, 36, 0, 12, 34, 39, 5, 8, 32, 33, 31, 24, 10, 22, 2, 9, 17, ]
19771 20083 -0.0155355 [30, 22, 34, 27, 8, 21, 5, 33, 2, 14, 1, 9, 29, 11, 17, 16, 39, 10, 12, 36, 3, 20, 0, 31, 25, 38, 26, 23, 37, 7, 13, 4, 28, 35, 6, 32, 24, 15, 19, 18, ]
19771 22196 -0.109254 [34, 27, 8, 21, 32, 5, 33, 22, 2, 14, 1, 9, 17, 11, 16, 7, 12, 39, 30, 10, 36, 28, 3, 20, 31, 0, 25, 26, 23, 38, 4, 13, 37, 29, 35, 6, 24, 15, 19, 18, ]
19771 20488 -0.0349961 [8, 21, 33, 32, 22, 27, 5, 34, 2, 14, 1, 9, 18, 11, 17, 39, 30, 16, 10, 12, 3, 0, 20, 31, 25, 38, 26, 23, 37, 36, 13, 4, 28, 7, 35, 6, 24, 15, 19, 29, ]
24346 26150 -0.0689866 [13, 27, 8, 1, 3, 17, 22, 4, 39, 0, 31, 37, 11, 24, 16, 18, 26, 35, 9, 10, 6, 19, 15, 32, 29, 20, 38, 5, 34, 7, 28, 30, 12, 33, 25, 21, 23, 14, 36, 2, ]
24346 25652 -0.0509122 [22, 3, 13, 26, 27, 1, 8, 17, 4, 39, 0, 31, 11, 37, 24, 5, 35, 9, 16, 18, 10, 6, 2, 32, 19, 29, 20, 15, 7, 34, 28, 30, 12, 33, 25, 21, 23, 14, 36, 38, ]
24346 25686 -0.0521685 [22, 13, 27, 8, 1, 28, 17, 24, 4, 39, 0, 31, 37, 11, 16, 5, 35, 9, 18, 19, 6, 32, 15, 20, 29, 2, 10, 7, 34, 26, 3, 30, 12, 33, 25, 21, 23, 14, 36, 38, ]
14905 16822 -0.113958 [17, 2, 27, 29, 9, 10, 37, 14, 25, 15, 4, 11, 24, 18, 20, 13, 16, 39, 6, 7, 21, 3, 35, 33, 12, 36, 31, 34, 8, 26, 30, 32, 0, 38, 19, 23, 22, 5, 28, 1, ]
14905 16072 -0.0726108 [15, 14, 23, 2, 13, 24, 39, 25, 9, 10, 11, 18, 16, 17, 29, 21, 37, 27, 35, 20, 0, 33, 3, 36, 4, 34, 8, 7, 31, 30, 32, 19, 12, 26, 38, 6, 22, 5, 28, 1, ]
14905 16766 -0.110998 [12, 11, 2, 15, 7, 31, 17, 9, 37, 24, 18, 20, 25, 29, 35, 16, 4, 21, 14, 27, 3, 13, 33, 10, 39, 36, 0, 34, 8, 26, 30, 32, 38, 19, 6, 23, 22, 5, 28, 1, ]
65386 65640 -0.00386959 [27, 11, 7, 31, 5, 8, 23, 13, 2, 10, 4, 16, 14, 34, 29, 22, 20, 1, 25, 35, 12, 18, 30, 21, 3, 32, 28, 0, 37, 39, 15, 9, 33, 24, 38, 19, 6, 36, 26, 17, ]
65386 65464 -0.00119149 [11, 7, 31, 5, 27, 8, 23, 13, 4, 20, 10, 16, 14, 34, 29, 22, 2, 1, 25, 12, 35, 18, 30, 3, 21, 32, 28, 0, 37, 39, 15, 9, 33, 38, 24, 19, 6, 36, 26, 17, ]
65386 66058 -0.0101729 [11, 7, 27, 31, 4, 5, 8, 23, 22, 10, 16, 34, 14, 29, 13, 20, 2, 1, 25, 12, 30, 18, 35, 3, 32, 21, 28, 0, 37, 39, 15, 9, 33, 38, 24, 19, 6, 36, 26, 17, ]
65756 66404 -0.00975845 [32, 31, 5, 13, 10, 16, 17, 36, 28, 21, 18, 29, 6, 0, 11, 15, 1, 8, 34, 33, 14, 3, 38, 20, 4, 12, 24, 7, 22, 37, 27, 19, 26, 25, 39, 9, 23, 30, 35, 2, ]
65756 65962 -0.00312301 [5, 36, 32, 17, 13, 31, 16, 29, 0, 21, 10, 28, 6, 18, 11, 1, 8, 34, 14, 33, 3, 38, 20, 4, 12, 24, 15, 7, 22, 37, 19, 27, 26, 25, 39, 9, 23, 30, 35, 2, ]
65756 65883 -0.00192766 [5, 32, 31, 36, 17, 13, 16, 29, 21, 10, 28, 0, 6, 18, 11, 1, 8, 34, 33, 14, 3, 38, 20, 4, 15, 12, 7, 24, 22, 37, 27, 19, 26, 25, 39, 9, 23, 30, 35, 2, ]
78451 78591 -0.00178137 [33, 10, 6, 5, 32, 12, 17, 28, 21, 18, 34, 31, 38, 27, 26, 7, 36, 1, 9, 3, 11, 13, 29, 15, 24, 2, 37, 0, 39, 22, 25, 30, 35, 19, 14, 4, 16, 8, 20, 23, ]
78451 78812 -0.00458052 [33, 10, 6, 5, 32, 17, 28, 21, 18, 31, 34, 38, 1, 27, 26, 12, 7, 36, 9, 3, 13, 11, 29, 24, 2, 15, 37, 0, 39, 22, 25, 30, 35, 19, 14, 4, 16, 8, 20, 23, ]
78451 78820 -0.00468155 [33, 10, 5, 6, 32, 17, 12, 28, 18, 21, 34, 31, 38, 1, 27, 13, 7, 36, 26, 9, 3, 11, 29, 15, 24, 2, 37, 0, 39, 22, 25, 30, 35, 19, 14, 4, 16, 20, 8, 23, ]
81627 83466 -0.0220329 [11, 23, 4, 33, 1, 10, 20, 9, 17, 7, 31, 19, 21, 27, 25, 28, 35, 29, 38, 32, 36, 6, 16, 3, 14, 37, 18, 5, 26, 15, 34, 12, 8, 24, 30, 39, 22, 13, 2, 0, ]
81627 82521 -0.0108336 [11, 4, 34, 33, 1, 9, 20, 18, 7, 17, 6, 31, 19, 35, 21, 25, 28, 29, 38, 27, 36, 16, 32, 3, 14, 37, 23, 5, 26, 15, 12, 10, 24, 8, 39, 30, 22, 13, 2, 0, ]
81627 82289 -0.00804482 [11, 4, 21, 10, 33, 1, 18, 6, 20, 7, 9, 17, 19, 31, 32, 35, 25, 28, 29, 36, 38, 23, 16, 3, 14, 37, 27, 5, 26, 15, 12, 34, 8, 24, 39, 30, 22, 13, 2, 0, ]
68242 68330 -0.00128787 [34, 23, 32, 22, 13, 5, 3, 0, 30, 19, 10, 4, 7, 8, 9, 2, 16, 11, 27, 20, 37, 36, 6, 12, 26, 1, 18, 17, 15, 14, 31, 28, 33, 39, 38, 35, 24, 29, 25, 21, ]
68242 68821 -0.00841313 [34, 10, 32, 22, 13, 3, 5, 0, 20, 30, 23, 4, 7, 19, 8, 2, 16, 9, 11, 37, 27, 36, 6, 12, 26, 18, 1, 17, 15, 14, 31, 28, 39, 33, 38, 35, 24, 29, 25, 21, ]
68242 68648 -0.00591423 [34, 10, 32, 13, 22, 5, 3, 0, 30, 19, 9, 24, 7, 23, 8, 2, 16, 11, 27, 20, 37, 12, 6, 36, 26, 18, 17, 1, 15, 14, 31, 28, 39, 33, 38, 35, 4, 29, 25, 21, ]
90486 90566 -0.000883334 [34, 28, 33, 29, 16, 23, 9, 22, 2, 4, 18, 5, 20, 36, 15, 6, 27, 13, 37, 31, 3, 8, 1, 30, 7, 39, 21, 38, 14, 0, 12, 10, 24, 32, 35, 26, 25, 19, 11, 17, ]
90486 90641 -0.00171004 [34, 29, 28, 33, 16, 36, 9, 2, 22, 4, 18, 5, 20, 23, 27, 30, 6, 15, 13, 37, 31, 3, 1, 8, 7, 39, 21, 14, 38, 0, 12, 10, 24, 32, 35, 26, 25, 19, 11, 17, ]
90486 90716 -0.00253539 [34, 29, 28, 33, 16, 23, 9, 2, 22, 4, 18, 5, 20, 15, 27, 6, 3, 31, 37, 36, 13, 8, 30, 1, 7, 39, 21, 14, 38, 0, 12, 10, 24, 32, 26, 35, 25, 19, 11, 17, ]
115249 115533 -0.00245817 [18, 30, 38, 15, 25, 23, 6, 34, 26, 32, 28, 8, 21, 31, 14, 3, 13, 20, 4, 22, 7, 19, 37, 24, 2, 0, 12, 1, 35, 9, 36, 29, 5, 33, 10, 11, 27, 16, 17, 39, ]
115249 115636 -0.00334671 [38, 18, 30, 15, 25, 6, 34, 26, 32, 28, 8, 21, 23, 14, 31, 3, 13, 20, 7, 22, 4, 37, 19, 24, 2, 0, 1, 35, 12, 9, 36, 29, 5, 33, 10, 11, 27, 16, 17, 39, ]
115249 115453 -0.00176695 [18, 30, 38, 15, 25, 6, 34, 26, 23, 28, 32, 21, 8, 31, 14, 3, 13, 20, 22, 7, 4, 19, 37, 24, 2, 1, 0, 35, 12, 36, 9, 29, 5, 33, 10, 11, 27, 16, 17, 39, ]
68529 68917 -0.00562996 [10, 2, 8, 26, 19, 11, 18, 28, 32, 16, 12, 23, 29, 15, 37, 0, 34, 30, 36, 7, 25, 14, 5, 27, 39, 21, 31, 22, 20, 38, 35, 6, 1, 13, 24, 9, 33, 17, 3, 4, ]
68529 68539 -0.000145902 [10, 2, 8, 19, 14, 26, 28, 18, 23, 12, 16, 32, 29, 15, 37, 0, 34, 30, 36, 7, 25, 5, 11, 21, 27, 31, 39, 38, 22, 20, 6, 35, 1, 24, 13, 9, 33, 17, 3, 4, ]
68529 68750 -0.00321455 [10, 8, 2, 19, 14, 26, 28, 18, 23, 16, 12, 15, 0, 29, 32, 25, 34, 37, 30, 36, 7, 21, 5, 11, 27, 39, 31, 38, 22, 20, 6, 35, 1, 24, 13, 9, 33, 17, 3, 4, ]
79006 79389 -0.00482435 [17, 5, 8, 31, 12, 15, 19, 23, 7, 4, 25, 24, 36, 11, 14, 0, 28, 32, 1, 26, 6, 20, 34, 30, 18, 29, 38, 9, 27, 33, 37, 16, 3, 39, 10, 35, 21, 2, 22, 13, ]
79006 79170 -0.00207149 [17, 5, 8, 12, 19, 31, 15, 7, 23, 25, 24, 36, 4, 11, 0, 14, 32, 18, 28, 20, 34, 6, 26, 30, 1, 3, 38, 9, 27, 33, 37, 16, 29, 39, 10, 35, 21, 2, 22, 13, ]
79006 79172 -0.0020967 [17, 5, 8, 12, 31, 15, 19, 7, 23, 25, 24, 36, 4, 11, 14, 0, 28, 32, 26, 20, 34, 6, 30, 1, 18, 38, 9, 29, 37, 27, 33, 16, 3, 39, 10, 35, 21, 2, 22, 13, ]
98110 98304 -0.00197347 [24, 11, 10, 29, 32, 33, 13, 12, 15, 36, 14, 8, 18, 2, 34, 7, 21, 19, 35, 27, 6, 22, 5, 30, 37, 26, 28, 39, 31, 17, 20, 0, 3, 23, 16, 38, 9, 1, 4, 25, ]
98110 98173 -0.000641724 [24, 11, 29, 32, 33, 13, 15, 12, 14, 10, 7, 8, 2, 18, 34, 36, 21, 19, 35, 6, 27, 5, 22, 30, 37, 26, 28, 39, 20, 31, 17, 3, 0, 23, 16, 4, 9, 1, 38, 25, ]
98110 98138 -0.000285313 [24, 11, 29, 32, 33, 13, 12, 15, 7, 10, 14, 8, 18, 2, 34, 36, 21, 19, 35, 6, 27, 22, 5, 30, 37, 26, 39, 28, 31, 17, 20, 0, 3, 23, 16, 4, 9, 38, 1, 25, ]
0 0 0 [6, 10, 18, 0, 3, 35, 22, 37, 5, 34, 23, 16, 32, 31, 26, 27, 19, 33, 21, 2, 17, 29, 12, 14, 25, 36, 24, 15, 8, 30, 4, 20, 7, 11, 9, 38, 39, 13, 1, 28, ]
0 0 0 [29, 31, 33, 16, 17, 32, 19, 0, 8, 10, 25, 26, 1, 37, 11, 15, 27, 14, 18, 9, 34, 24, 6, 22, 36, 4, 23, 30, 5, 28, 20, 3, 12, 35, 7, 2, 13, 39, 38, 21, ]
0 0 0 [10, 25, 34, 27, 2, 30, 20, 19, 8, 5, 32, 9, 26, 0, 16, 6, 23, 33, 31, 3, 22, 29, 24, 14, 17, 12, 11, 36, 37, 35, 13, 4, 18, 15, 28, 1, 7, 39, 38, 21, ]
0 0 0 [17, 31, 21, 25, 19, 4, 38, 2, 7, 23, 11, 6, 18, 20, 13, 5, 27, 28, 30, 37, 32, 3, 8, 1, 29, 9, 14, 24, 22, 10, 15, 39, 0, 26, 35, 33, 34, 12, 16, 36, ]
0 0 0 [7, 30, 0, 33, 2, 22, 37, 19, 31, 21, 24, 5, 17, 9, 38, 18, 27, 6, 15, 16, 32, 8, 29, 10, 28, 4, 23, 13, 14, 20, 36, 25, 3, 34, 35, 1, 26, 39, 12, 11, ]
0 0 0 [13, 38, 32, 6, 22, 17, 15, 39, 20, 23, 30, 21, 5, 1, 0, 19, 35, 29, 27, 10, 8, 3, 28, 26, 11, 37, 7, 2, 18, 31, 12, 9, 4, 14, 16, 24, 33, 25, 34, 36, ]
0 0 0 [34, 9, 6, 5, 16, 17, 4, 20, 3, 36, 7, 37, 2, 12, 39, 32, 14, 27, 10, 30, 31, 22, 33, 15, 25, 18, 38, 0, 24, 19, 26, 23, 13, 28, 8, 11, 21, 1, 29, 35, ]
0 0 0 [10, 3, 34, 9, 12, 19, 6, 7, 33, 11, 36, 2, 22, 17, 32, 25, 20, 4, 13, 15, 28, 24, 5, 27, 8, 16, 39, 1, 30, 14, 31, 38, 0, 26, 18, 21, 37, 35, 29, 23, ]
0 0 0 [27, 39, 36, 37, 28, 32, 12, 8, 9, 30, 23, 14, 22, 33, 34, 7, 15, 3, 11, 38, 18, 6, 10, 5, 4, 20, 21, 25, 24, 17, 29, 19, 16, 2, 13, 1, 26, 0, 31, 35, ]
0 0 0 [31, 18, 27, 5, 32, 14, 11, 19, 34, 7, 29, 37, 26, 8, 24, 21, 1, 4, 16, 38, 20, 25, 36, 28, 17, 30, 13, 2, 15, 22, 6, 9, 10, 35, 23, 33, 3, 12, 0, 39, ]
0 0 0 [14, 38, 5, 7, 20, 37, 21, 12, 32, 1, 31, 11, 10, 27, 34, 17, 9, 28, 24, 29, 19, 26, 35, 6, 16, 30, 25, 33, 22, 3, 18, 13, 36, 15, 8, 23, 2, 39, 0, 4, ]
0 0 0 [35, 26, 23, 18, 14, 19, 7, 17, 11, 38, 9, 34, 20, 16, 6, 31, 8, 1, 27, 4, 25, 37, 21, 28, 32, 5, 33, 30, 29, 13, 10, 24, 36, 3, 22, 0, 12, 2, 15, 39, ]
0 0 0 [17, 3, 35, 14, 19, 12, 1, 28, 36, 39, 10, 22, 11, 4, 18, 9, 6, 5, 37, 31, 13, 38, 29, 21, 33, 16, 20, 26, 30, 8, 7, 15, 32, 23, 24, 25, 34, 0, 27, 2, ]
0 0 0 [11, 13, 18, 10, 15, 29, 14, 16, 22, 31, 28, 9, 39, 38, 5, 35, 12, 4, 26, 17, 8, 37, 20, 21, 33, 30, 19, 24, 7, 25, 27, 34, 6, 1, 23, 3, 36, 2, 0, 32, ]
0 0 0 [18, 22, 28, 37, 20, 38, 33, 6, 14, 31, 5, 19, 12, 11, 13, 35, 26, 10, 39, 34, 4, 21, 25, 16, 36, 7, 29, 8, 32, 1, 15, 3, 24, 30, 17, 27, 23, 9, 0, 2, ]
684 1349 -0.492958 [15, 23, 31, 19, 21, 7, 22, 27, 0, 25, 6, 24, 5, 36, 2, 13, 3, 11, 30, 37, 14, 26, 20, 10, 33, 32, 35, 8, 28, 9, 38, 4, 16, 17, 1, 18, 29, 12, 39, 34, ]
684 1586 -0.568726 [22, 0, 13, 7, 24, 27, 31, 19, 5, 6, 36, 2, 21, 3, 25, 15, 9, 30, 14, 32, 10, 20, 23, 37, 33, 26, 11, 38, 18, 8, 29, 35, 4, 28, 16, 17, 1, 12, 39, 34, ]
684 1143 -0.401575 [19, 6, 0, 23, 27, 24, 32, 5, 7, 2, 36, 15, 13, 22, 31, 11, 3, 21, 30, 20, 10, 37, 14, 26, 33, 25, 9, 38, 8, 35, 4, 28, 17, 1, 16, 29, 18, 12, 39, 34, ]
172 252 -0.31746 [39, 13, 2, 1, 9, 25, 36, 20, 4, 28, 14, 30, 0, 35, 8, 38, 7, 21, 29, 16, 24, 33, 3, 5, 31, 37, 19, 26, 23, 22, 15, 18, 6, 17, 12, 11, 10, 27, 34, 32, ]
172 236 -0.271186 [14, 35, 13, 20, 39, 36, 33, 1, 38, 2, 25, 0, 21, 23, 28, 8, 30, 29, 9, 4, 19, 7, 32, 24, 16, 3, 37, 31, 26, 12, 15, 18, 17, 11, 5, 6, 22, 10, 27, 34, ]
172 453 -0.620309 [8, 0, 14, 1, 36, 13, 20, 2, 39, 30, 25, 32, 28, 16, 33, 21, 38, 9, 35, 4, 11, 7, 24, 29, 3, 31, 19, 37, 26, 12, 6, 18, 15, 17, 5, 22, 23, 10, 34, 27, ]
798 1194 -0.331658 [33, 3, 39, 6, 1, 13, 27, 20, 12, 9, 16, 11, 15, 31, 0, 35, 18, 37, 28, 25, 34, 29, 24, 10, 17, 23, 8, 22, 5, 19, 30, 21, 38, 32, 7, 4, 26, 14, 2, 36, ]
798 1318 -0.394537 [20, 16, 3, 12, 0, 13, 6, 31, 29, 1, 27, 11, 22, 15, 9, 18, 37, 35, 23, 28, 4, 39, 34, 36, 25, 5, 19, 17, 30, 32, 38, 7, 24, 33, 10, 26, 21, 14, 2, 8, ]
798 1293 -0.382831 [1, 29, 10, 6, 12, 20, 9, 13, 2, 27, 3, 15, 16, 35, 11, 18, 4, 33, 31, 22, 0, 17, 34, 37, 28, 5, 23, 25, 8, 19, 30, 7, 21, 38, 32, 24, 39, 26, 14, 36, ]
617 1553 -0.602704 [39, 37, 8, 18, 19, 34, 2, 31, 10, 32, 9, 33, 30, 26, 6, 35, 12, 28, 7, 23, 16, 21, 3, 36, 15, 17, 29, 27, 14, 1, 0, 20, 4, 22, 11, 25, 5, 13, 38, 24, ]
617 1822 -0.661361 [28, 18, 8, 26, 2, 10, 37, 0, 19, 32, 38, 9, 33, 7, 30, 6, 12, 23, 31, 14, 16, 21, 29, 15, 35, 36, 17, 3, 39, 5, 27, 1, 20, 4, 11, 34, 22, 25, 13, 24, ]
617 1508 -0.590849 [33, 28, 10, 25, 2, 0, 8, 19, 9, 34, 18, 37, 31, 26, 6, 23, 7, 12, 36, 16, 14, 30, 21, 15, 39, 35, 17, 29, 3, 27, 1, 20, 4, 11, 32, 5, 22, 13, 38, 24, ]
776 1058 -0.266541 [32, 18, 27, 7, 37, 30, 15, 20, 6, 14, 24, 9, 3, 22, 13, 0, 28, 19, 25, 39, 12, 11, 26, 16, 17, 34, 4, 33, 38, 8, 21, 2, 36, 10, 23, 1, 31, 35, 29, 5, ]
776 1056 -0.265152 [0, 10, 11, 37, 20, 3, 22, 26, 18, 30, 15, 6, 19, 27, 25, 2, 9, 28, 14, 16, 21, 39, 24, 17, 4, 12, 34, 32, 8, 38, 1, 36, 31, 13, 7, 23, 33, 35, 29, 5, ]
776 1216 -0.361842 [28, 25, 15, 10, 26, 0, 37, 6, 18, 32, 3, 9, 19, 14, 21, 13, 20, 27, 22, 39, 12, 11, 24, 30, 36, 4, 17, 34, 16, 38, 8, 7, 33, 1, 31, 23, 2, 35, 29, 5, ]
10262 11844 -0.13357 [19, 5, 6, 33, 7, 8, 12, 34, 28, 0, 24, 21, 30, 2, 10, 18, 16, 15, 20, 37, 9, 39, 17, 25, 22, 11, 1, 38, 23, 26, 3, 4, 35, 29, 27, 31, 13, 32, 36, 14, ]
10262 11184 -0.0824392 [6, 0, 24, 5, 19, 8, 34, 21, 33, 12, 28, 18, 2, 16, 20, 15, 10, 30, 17, 27, 39, 37, 38, 25, 7, 23, 9, 11, 1, 26, 35, 3, 4, 29, 22, 31, 13, 32, 36, 14, ]
10262 12232 -0.161053 [7, 6, 19, 5, 8, 28, 18, 30, 21, 0, 33, 12, 34, 24, 16, 20, 15, 10, 27, 17, 38, 2, 9, 39, 37, 25, 22, 23, 11, 1, 26, 3, 4, 35, 29, 36, 13, 31, 32, 14, ]
18646 19332 -0.0354852 [30, 17, 18, 22, 38, 9, 23, 12, 35, 13, 11, 34, 33, 4, 0, 37, 3, 26, 25, 31, 8, 20, 16, 2, 1, 5, 28, 10, 27, 36, 24, 19, 7, 32, 21, 6, 29, 15, 39, 14, ]
18646 18977 -0.0174422 [22, 30, 17, 28, 18, 9, 23, 11, 38, 12, 35, 33, 34, 4, 0, 3, 37, 26, 25, 8, 20, 16, 36, 2, 31, 1, 5, 27, 10, 24, 19, 7, 32, 13, 6, 21, 29, 15, 39, 14, ]
18646 19303 -0.0340362 [22, 30, 17, 18, 35, 12, 9, 23, 38, 11, 13, 33, 34, 31, 25, 0, 3, 37, 8, 26, 20, 4, 16, 28, 2, 36, 5, 1, 27, 10, 24, 19, 7, 32, 21, 6, 29, 39, 15, 14, ]
10021 10471 -0.0429758 [32, 21, 37, 28, 14, 26, 5, 25, 13, 2, 11, 30, 20, 3, 33, 15, 34, 8, 18, 36, 22, 31, 6, 29, 39, 0, 9, 4, 17, 23, 7, 1, 16, 19, 27, 35, 38, 24, 10, 12, ]
10021 10144 -0.0121254 [32, 21, 28, 13, 14, 37, 11, 25, 26, 30, 20, 33, 3, 2, 15, 34, 18, 8, 36, 35, 6, 39, 0, 17, 9, 4, 31, 7, 23, 29, 1, 22, 19, 5, 27, 16, 38, 10, 24, 12, ]
10021 10200 -0.017549 [32, 21, 28, 14, 13, 11, 25, 26, 20, 37, 2, 30, 33, 3, 15, 34, 18, 8, 36, 22, 39, 0, 6, 31, 17, 9, 4, 29, 23, 7, 16, 1, 5, 19, 27, 35, 38, 10, 24, 12, ]
25881 26526 -0.0243158 [22, 10, 11, 36, 31, 1, 33, 4, 27, 29, 15, 28, 9, 20, 35, 6, 16, 32, 26, 23, 24, 19, 30, 0, 38, 14, 7, 5, 17, 13, 3, 18, 34, 2, 25, 21, 37, 12, 39, 8, ]
25881 26282 -0.0152576 [22, 11, 27, 36, 31, 1, 4, 10, 29, 28, 33, 20, 35, 9, 0, 23, 6, 24, 26, 16, 32, 30, 19, 15, 38, 7, 5, 17, 14, 13, 3, 18, 25, 2, 34, 21, 37, 12, 39, 8, ]
25881 28060 -0.077655 [27, 31, 22, 11, 36, 1, 33, 20, 24, 10, 29, 35, 28, 9, 4, 6, 23, 16, 0, 26, 19, 14, 15, 30, 32, 38, 7, 17, 3, 13, 5, 18, 34, 2, 25, 21, 37, 12, 39, 8, ]
8159 10186 -0.198999 [7, 20, 23, 8, 33, 22, 36, 19, 31, 17, 26, 28, 29, 14, 6, 0, 4, 25, 2, 10, 37, 18, 3, 13, 16, 38, 12, 1, 35, 11, 39, 34, 9, 21, 32, 27, 5, 30, 15, 24, ]
8159 8446 -0.0339806 [7, 8, 36, 14, 26, 31, 20, 29, 28, 0, 6, 4, 2, 17, 25, 10, 18, 37, 22, 33, 3, 16, 38, 19, 35, 23, 12, 1, 13, 11, 39, 34, 21, 9, 32, 27, 5, 30, 15, 24, ]
8159 10056 -0.188644 [22, 8, 23, 28, 7, 17, 3, 20, 36, 25, 6, 26, 29, 14, 0, 4, 2, 19, 10, 18, 33, 37, 31, 16, 38, 13, 11, 12, 1, 34, 39, 21, 9, 5, 35, 32, 27, 30, 15, 24, ]
47683 48586 -0.0185856 [14, 13, 7, 12, 2, 24, 9, 20, 23, 18, 22, 3, 37, 32, 29, 39, 19, 35, 25, 6, 10, 33, 28, 1, 26, 30, 36, 5, 31, 17, 0, 4, 15, 38, 34, 16, 27, 21, 8, 11, ]
47683 48359 -0.0139788 [14, 9, 13, 24, 12, 25, 2, 7, 20, 23, 22, 18, 3, 37, 32, 35, 29, 6, 39, 19, 33, 10, 1, 26, 28, 30, 36, 5, 31, 0, 17, 4, 15, 38, 34, 16, 27, 21, 8, 11, ]
47683 48308 -0.0129378 [14, 9, 13, 24, 28, 12, 35, 2, 20, 7, 23, 22, 18, 3, 37, 32, 29, 33, 6, 19, 21, 25, 39, 1, 26, 30, 36, 5, 31, 0, 17, 4, 15, 38, 34, 16, 27, 10, 8, 11, ]
43004 43716 -0.0162869 [11, 23, 5, 18, 28, 20, 4, 19, 15, 10, 12, 38, 1, 17, 7, 33, 21, 13, 36, 14, 16, 9, 32, 24, 30, 3, 8, 29, 34, 6, 37, 35, 25, 27, 26, 31, 39, 22, 2, 0, ]
43004 43319 -0.00727164 [23, 11, 5, 28, 20, 4, 15, 19, 18, 12, 1, 17, 38, 33, 16, 21, 13, 7, 10, 36, 14, 9, 32, 24, 25, 30, 29, 3, 34, 37, 6, 35, 8, 27, 26, 31, 39, 22, 2, 0, ]
43004 44466 -0.0328791 [11, 23, 10, 18, 5, 28, 20, 12, 4, 15, 1, 19, 38, 17, 36, 16, 33, 21, 14, 7, 13, 9, 32, 8, 24, 30, 29, 3, 34, 6, 37, 35, 25, 27, 26, 31, 39, 22, 2, 0, ]
55730 56155 -0.00756834 [20, 23, 8, 29, 35, 38, 6, 12, 27, 26, 22, 11, 19, 24, 31, 39, 33, 25, 37, 9, 2, 4, 28, 14, 0, 34, 13, 10, 21, 30, 15, 7, 3, 5, 17, 1, 16, 32, 36, 18, ]
55730 55901 -0.00305898 [20, 23, 8, 29, 35, 6, 38, 27, 26, 12, 22, 5, 11, 24, 31, 39, 33, 25, 2, 9, 37, 34, 4, 28, 14, 0, 13, 10, 21, 30, 15, 7, 3, 19, 17, 1, 16, 32, 36, 18, ]
55730 55845 -0.00205927 [20, 23, 8, 29, 35, 6, 38, 27, 26, 12, 22, 5, 11, 24, 39, 33, 31, 25, 9, 37, 2, 4, 28, 14, 0, 10, 13, 21, 30, 15, 7, 3, 19, 34, 17, 1, 16, 32, 36, 18, ]
59494 59803 -0.00516697 [24, 27, 8, 34, 2, 20, 26, 4, 39, 5, 6, 10, 28, 25, 22, 33, 30, 7, 15, 38, 3, 19, 32, 17, 35, 18, 36, 1, 14, 21, 37, 9, 31, 29, 23, 12, 0, 16, 13, 11, ]
59494 59846 -0.00588176 [20, 24, 27, 8, 34, 2, 26, 36, 4, 39, 5, 6, 28, 25, 33, 38, 10, 22, 30, 15, 3, 7, 17, 32, 19, 35, 18, 21, 1, 14, 37, 9, 31, 29, 23, 12, 0, 16, 11, 13, ]
59494 60321 -0.01371 [24, 20, 27, 8, 2, 26, 4, 34, 39, 5, 6, 28, 25, 38, 33, 30, 10, 15, 3, 7, 22, 19, 32, 17, 35, 18, 36, 21, 37, 1, 14, 9, 31, 29, 23, 12, 0, 16, 13, 11, ]
42688 43067 -0.00880024 [13, 21, 29, 20, 27, 39, 31, 6, 28, 3, 11, 19, 10, 18, 1, 30, 22, 24, 33, 38, 9, 14, 7, 12, 17, 2, 36, 35, 32, 4, 34, 16, 26, 23, 37, 8, 5, 25, 15, 0, ]
42688 43533 -0.0194106 [13, 29, 7, 21, 20, 6, 3, 31, 27, 11, 28, 19, 10, 18, 22, 1, 24, 33, 38, 9, 23, 30, 17, 39, 12, 14, 2, 36, 35, 32, 4, 34, 16, 26, 37, 8, 5, 25, 15, 0, ]
42688 43303 -0.0142022 [13, 29, 39, 20, 21, 6, 27, 31, 28, 11, 19, 30, 3, 22, 25, 18, 1, 24, 36, 33, 4, 9, 14, 7, 12, 17, 2, 23, 35, 32, 38, 34, 26, 16, 8, 37, 5, 10, 15, 0, ]
126048 126411 -0.00287159 [15, 26, 10, 4, 11, 20, 27, 3, 28, 9, 19, 17, 8, 39, 24, 2, 1, 32, 29, 37, 31, 36, 34, 14, 30, 25, 35, 18, 0, 33, 12, 21, 13, 16, 6, 5, 23, 38, 22, 7, ]
126048 126315 -0.00211376 [26, 15, 10, 27, 4, 11, 20, 28, 9, 3, 19, 17, 8, 32, 24, 2, 31, 37, 39, 29, 1, 36, 14, 34, 30, 25, 18, 35, 0, 33, 12, 13, 21, 16, 5, 6, 23, 38, 22, 7, ]
126048 126409 -0.00285581 [15, 26, 27, 10, 11, 4, 28, 20, 9, 19, 3, 17, 8, 24, 32, 2, 39, 1, 29, 37, 31, 36, 14, 34, 25, 30, 35, 18, 0, 33, 12, 13, 21, 16, 5, 23, 6, 38, 22, 7, ]
114686 114967 -0.00244418 [36, 16, 10, 23, 11, 17, 30, 33, 15, 2, 4, 8, 14, 0, 3, 27, 25, 34, 22, 28, 1, 38, 37, 19, 18, 35, 12, 6, 20, 32, 26, 39, 24, 9, 31, 7, 21, 5, 29, 13, ]
114686 114699 -0.00011334 [16, 36, 23, 11, 27, 19, 17, 33, 15, 2, 25, 4, 8, 3, 14, 0, 10, 22, 34, 28, 1, 38, 30, 37, 18, 35, 12, 26, 20, 39, 9, 6, 32, 31, 24, 7, 21, 5, 29, 13, ]
114686 114763 -0.000670948 [16, 36, 11, 27, 30, 23, 17, 33, 15, 2, 4, 25, 3, 8, 14, 0, 10, 34, 22, 28, 1, 38, 19, 18, 37, 35, 12, 20, 26, 39, 6, 9, 24, 7, 32, 31, 21, 5, 29, 13, ]
112102 112281 -0.00159421 [0, 19, 16, 38, 15, 13, 20, 8, 34, 37, 39, 23, 6, 14, 5, 1, 31, 18, 21, 36, 10, 4, 30, 11, 32, 7, 28, 3, 17, 27, 29, 33, 25, 22, 2, 26, 12, 35, 9, 24, ]
112102 112117 -0.000133789 [0, 19, 16, 38, 15, 13, 20, 8, 23, 34, 39, 6, 37, 5, 18, 1, 31, 14, 36, 10, 4, 21, 30, 11, 32, 7, 3, 28, 27, 17, 29, 33, 25, 22, 2, 26, 12, 35, 9, 24, ]
112102 112157 -0.000490384 [0, 19, 16, 38, 15, 13, 20, 8, 37, 23, 34, 39, 6, 5, 18, 1, 14, 31, 36, 10, 4, 21, 11, 30, 32, 7, 3, 28, 27, 17, 29, 33, 25, 22, 2, 26, 12, 35, 9, 24, ]
98206 98663 -0.00463193 [38, 11, 16, 35, 17, 29, 13, 12, 18, 8, 31, 4, 3, 14, 22, 27, 32, 7, 33, 20, 15, 24, 39, 19, 21, 26, 25, 10, 30, 37, 1, 28, 34, 6, 9, 2, 0, 36, 23, 5, ]
98206 98332 -0.00128137 [38, 11, 35, 17, 13, 16, 3, 18, 8, 31, 29, 0, 4, 14, 27, 22, 39, 20, 7, 33, 24, 15, 32, 19, 21, 26, 30, 25, 10, 37, 1, 28, 34, 6, 9, 2, 12, 36, 23, 5, ]
98206 98304 -0.000996908 [38, 16, 11, 35, 17, 13, 3, 18, 29, 8, 31, 0, 32, 14, 27, 22, 39, 7, 20, 33, 15, 24, 4, 19, 21, 26, 25, 30, 10, 37, 1, 28, 34, 6, 9, 12, 2, 36, 23, 5, ]
157296 157612 -0.00200492 [26, 27, 32, 28, 14, 23, 17, 13, 7, 21, 31, 2, 30, 20, 16, 11, 37, 0, 22, 3, 38, 12, 8, 5, 1, 39, 10, 19, 34, 36, 6, 9, 15, 35, 29, 18, 4, 33, 25, 24, ]
157296 157468 -0.00109229 [26, 27, 21, 32, 28, 14, 23, 17, 13, 0, 22, 2, 31, 37, 11, 20, 7, 30, 16, 3, 38, 12, 8, 5, 1, 39, 19, 10, 36, 34, 6, 29, 15, 35, 33, 18, 4, 9, 25, 24, ]
157296 157363 -0.000425767 [26, 27, 32, 28, 14, 21, 23, 17, 13, 7, 31, 2, 0, 37, 11, 20, 22, 30, 16, 3, 38, 12, 8, 5, 1, 19, 39, 10, 36, 34, 6, 33, 15, 35, 29, 18, 4, 9, 25, 24, ]
0 0 0 [26, 7, 30, 33, 0, 24, 9, 6, 34, 25, 23, 37, 32, 39, 16, 22, 1, 27, 13, 19, 11, 35, 38, 17, 12, 8, 36, 28, 29, 10, 18, 31, 5, 14, 15, 3, 2, 21, 20, 4, ]
0 0 0 [24, 8, 6, 12, 7, 3, 34, 26, 25, 33, 32, 22, 23, 16, 35, 21, 36, 19, 28, 17, 0, 37, 18, 13, 14, 38, 29, 9, 15, 39, 30, 10, 31, 20, 1, 2, 5, 11, 27, 4, ]
0 0 0 [6, 1, 22, 21, 33, 28, 39, 34, 12, 8, 17, 16, 24, 26, 38, 14, 23, 25, 19, 11, 29, 27, 3, 2, 9, 13, 18, 36, 7, 10, 37, 0, 15, 30, 31, 35, 32, 5, 20, 4, ]
0 0 0 [35, 3, 5, 29, 37, 31, 8, 39, 9, 7, 4, 28, 33, 18, 20, 2, 21, 0, 10, 22, 36, 15, 32, 17, 27, 14, 34, 1, 25, 12, 11, 16, 13, 6, 30, 19, 24, 38, 26, 23, ]
0 0 0 [9, 8, 26, 18, 31, 32, 3, 7, 33, 29, 2, 16, 20, 28, 4, 10, 14, 21, 5, 0, 22, 15, 34, 39, 36, 35, 23, 37, 25, 17, 6, 12, 11, 30, 24, 19, 13, 1, 27, 38, ]
0 0 0 [4, 36, 25, 14, 15, 10, 8, 9, 18, 1, 29, 21, 33, 32, 28, 3, 20, 31, 2, 35, 22, 5, 34, 24, 0, 27, 17, 30, 39, 7, 26, 12, 37, 16, 23, 11, 6, 13, 38, 19, ]
0 0 0 [19, 3, 22, 14, 36, 6, 11, 25, 1, 30, 24, 7, 39, 27, 10, 38, 16, 8, 13, 35, 28, 32, 9, 4, 21, 20, 18, 23, 34, 29, 37, 12, 15, 17, 0, 5, 26, 2, 31, 33, ]
0 0 0 [39, 28, 30, 7, 4, 26, 32, 29, 16, 25, 22, 38, 36, 1, 10, 18, 27, 6, 3, 9, 35, 20, 21, 8, 13, 14, 24, 12, 23, 34, 11, 37, 17, 5, 15, 33, 19, 31, 2, 0, ]
0 0 0 [25, 9, 24, 39, 37, 38, 6, 8, 22, 18, 28, 16, 27, 36, 35, 7, 20, 1, 4, 2, 32, 21, 30, 3, 13, 10, 34, 14, 23, 29, 26, 11, 33, 12, 17, 5, 0, 19, 15, 31, ]
0 0 0 [7, 19, 33, 25, 12, 13, 10, 27, 20, 0, 1, 26, 30, 21, 35, 3, 9, 24, 11, 28, 32, 14, 39, 16, 36, 15, 38, 2, 22, 31, 5, 29, 17, 34, 18, 23, 4, 37, 8, 6, ]
0 0 0 [30, 11, 27, 21, 38, 10, 7, 19, 31, 34, 28, 37, 15, 32, 35, 24, 13, 26, 3, 14, 20, 2, 1, 39, 33, 16, 0, 29, 12, 23, 17, 8, 9, 5, 22, 25, 36, 6, 18, 4, ]
0 0 0 [10, 27, 34, 21, 25, 15, 32, 28, 36, 35, 30, 38, 18, 3, 19, 17, 26, 20, 13, 0, 16, 5, 11, 29, 8, 33, 12, 31, 2, 9, 39, 24, 37, 6, 23, 7, 4, 1, 14, 22, ]
0 0 0 [30, 13, 14, 15, 27, 38, 22, 29, 25, 24, 6, 11, 36, 16, 33, 28, 34, 26, 9, 37, 18, 12, 31, 10, 23, 8, 35, 32, 3, 0, 19, 4, 17, 5, 20, 7, 21, 39, 2, 1, ]
0 0 0 [3, 28, 36, 29, 13, 23, 24, 32, 6, 37, 17, 30, 25, 16, 15, 11, 34, 9, 31, 12, 20, 27, 35, 18, 39, 0, 22, 38, 33, 4, 10, 8, 14, 26, 21, 19, 2, 5, 1, 7, ]
0 0 0 [34, 17, 30, 12, 28, 16, 15, 6, 33, 37, 24, 22, 9, 27, 3, 11, 18, 29, 36, 31, 4, 32, 38, 20, 26, 23, 35, 10, 21, 5, 25, 39, 14, 7, 2, 19, 0, 1, 8, 13, ]
0 200 -1 [0, 18, 25, 27, 33, 4, 20, 23, 12, 29, 16, 24, 36, 22, 5, 38, 11, 19, 8, 9, 30, 15, 2, 1, 13, 21, 28, 6, 31, 7, 26, 37, 35, 34, 3, 32, 14, 10, 17, 39, ]
0 93 -1 [20, 23, 0, 19, 25, 15, 14, 33, 16, 12, 36, 1, 11, 24, 29, 38, 18, 8, 30, 5, 21, 7, 4, 13, 6, 2, 26, 32, 35, 37, 27, 31, 3, 17, 9, 28, 34, 10, 22, 39, ]
0 18 -1 [16, 0, 27, 4, 33, 20, 25, 23, 12, 36, 29, 22, 15, 28, 19, 38, 24, 18, 11, 8, 5, 6, 1, 30, 21, 13, 2, 26, 7, 37, 9, 34, 31, 35, 32, 3, 17, 39, 14, 10, ]
516 2057 -0.749149 [8, 21, 30, 13, 20, 34, 39, 33, 6, 35, 0, 24, 28, 7, 38, 14, 3, 37, 19, 27, 16, 32, 23, 4, 29, 36, 11, 9, 10, 25, 18, 1, 2, 17, 15, 26, 31, 12, 22, 5, ]
516 868 -0.40553 [8, 34, 21, 36, 13, 39, 20, 30, 33, 7, 38, 6, 24, 28, 3, 35, 0, 32, 11, 19, 27, 14, 16, 23, 29, 2, 25, 4, 10, 18, 17, 1, 26, 9, 5, 31, 12, 37, 22, 15, ]
516 755 -0.316556 [34, 30, 36, 20, 13, 33, 39, 21, 6, 38, 24, 8, 7, 28, 35, 0, 32, 3, 19, 27, 11, 29, 14, 16, 23, 25, 37, 2, 18, 10, 26, 4, 17, 9, 1, 31, 15, 5, 22, 12, ]
3354 5226 -0.358209 [33, 27, 13, 37, 20, 24, 10, 1, 15, 8, 34, 17, 19, 30, 22, 0, 12, 2, 38, 6, 35, 39, 7, 26, 11, 14, 29, 9, 28, 18, 25, 21, 23, 36, 3, 4, 16, 32, 5, 31, ]
3354 4836 -0.306452 [10, 37, 20, 24, 33, 15, 8, 1, 22, 13, 38, 30, 34, 27, 0, 19, 6, 26, 17, 12, 11, 35, 39, 14, 16, 29, 7, 28, 9, 18, 25, 2, 36, 21, 23, 3, 31, 4, 32, 5, ]
3354 3836 -0.125652 [24, 20, 10, 37, 27, 18, 15, 33, 26, 8, 1, 30, 22, 13, 0, 19, 34, 38, 17, 12, 39, 35, 11, 6, 14, 29, 28, 7, 9, 16, 25, 2, 21, 36, 23, 3, 5, 4, 31, 32, ]
0 0 0 [6, 32, 34, 18, 25, 35, 4, 9, 23, 1, 15, 10, 11, 39, 14, 20, 8, 24, 27, 38, 19, 12, 13, 36, 31, 29, 37, 3, 0, 22, 33, 26, 7, 2, 5, 16, 30, 28, 17, 21, ]
0 0 0 [23, 4, 9, 2, 27, 13, 32, 35, 10, 25, 36, 15, 39, 8, 31, 26, 14, 24, 7, 11, 19, 18, 29, 12, 38, 22, 0, 6, 33, 34, 16, 3, 20, 5, 1, 17, 28, 21, 30, 37, ]
0 0 0 [35, 1, 38, 25, 14, 9, 6, 29, 10, 32, 24, 15, 34, 8, 19, 13, 27, 4, 23, 11, 18, 39, 21, 36, 5, 12, 33, 20, 22, 26, 0, 28, 31, 2, 7, 3, 16, 30, 37, 17, ]
0 25 -1 [29, 32, 7, 30, 1, 12, 16, 19, 3, 27, 39, 33, 6, 14, 8, 13, 28, 9, 11, 20, 4, 18, 2, 17, 31, 35, 21, 37, 23, 38, 10, 0, 34, 15, 36, 24, 25, 26, 22, 5, ]
0 0 0 [7, 29, 19, 9, 37, 27, 38, 33, 13, 32, 39, 12, 14, 18, 0, 4, 11, 8, 30, 6, 31, 20, 17, 2, 21, 23, 1, 28, 10, 34, 24, 35, 36, 15, 25, 3, 16, 26, 22, 5, ]
0 0 0 [7, 1, 30, 27, 3, 13, 29, 14, 32, 39, 38, 19, 18, 8, 9, 11, 37, 20, 17, 4, 21, 2, 12, 6, 16, 31, 0, 36, 23, 28, 10, 34, 35, 24, 25, 33, 15, 22, 26, 5, ]
31478 32015 -0.0167734 [19, 1, 27, 18, 28, 25, 39, 14, 33, 5, 29, 3, 35, 20, 24, 12, 21, 17, 0, 37, 32, 11, 10, 22, 13, 7, 34, 26, 15, 38, 31, 16, 4, 36, 2, 9, 23, 8, 30, 6, ]
31478 32020 -0.0169269 [19, 1, 27, 18, 28, 25, 39, 14, 33, 29, 35, 3, 36, 5, 20, 24, 12, 17, 21, 32, 0, 37, 11, 10, 22, 13, 7, 34, 26, 38, 15, 31, 16, 4, 2, 9, 23, 8, 30, 6, ]
31478 31844 -0.0114935 [19, 1, 27, 25, 28, 39, 33, 14, 18, 5, 29, 3, 35, 21, 24, 20, 12, 17, 0, 37, 11, 32, 10, 22, 13, 34, 36, 7, 26, 15, 38, 31, 16, 4, 2, 9, 23, 8, 30, 6, ]
21169 21759 -0.0271152 [2, 38, 31, 3, 26, 17, 18, 0, 34, 4, 36, 5, 1, 28, 33, 15, 11, 21, 30, 24, 37, 25, 16, 12, 19, 32, 29, 35, 14, 6, 7, 22, 9, 23, 39, 13, 27, 10, 20, 8, ]
21169 22242 -0.0482421 [2, 38, 3, 1, 26, 0, 31, 36, 17, 4, 15, 34, 18, 28, 5, 33, 21, 11, 30, 35, 7, 24, 39, 37, 25, 12, 19, 32, 29, 16, 14, 6, 9, 23, 22, 13, 27, 10, 20, 8, ]
21169 21920 -0.0342609 [2, 26, 3, 38, 0, 31, 18, 17, 36, 34, 4, 1, 5, 28, 11, 33, 21, 30, 35, 19, 25, 12, 16, 22, 14, 24, 29, 32, 10, 15, 6, 7, 9, 23, 39, 13, 27, 37, 20, 8, ]
27077 27582 -0.018309 [9, 30, 38, 24, 35, 10, 27, 7, 17, 21, 14, 28, 29, 5, 31, 36, 18, 39, 4, 23, 34, 19, 25, 1, 15, 12, 3, 26, 11, 8, 33, 37, 22, 32, 13, 2, 0, 16, 20, 6, ]
27077 27295 -0.00798681 [9, 30, 38, 24, 35, 10, 27, 7, 17, 21, 14, 28, 31, 3, 5, 36, 18, 39, 12, 29, 34, 23, 19, 15, 25, 1, 4, 26, 11, 8, 33, 37, 22, 32, 13, 2, 20, 6, 0, 16, ]
27077 27626 -0.0198726 [1, 30, 38, 17, 24, 35, 10, 27, 7, 21, 14, 28, 31, 5, 36, 11, 18, 3, 29, 15, 39, 34, 12, 23, 19, 25, 9, 26, 4, 8, 37, 22, 33, 13, 32, 2, 20, 16, 0, 6, ]
19648 21053 -0.0667363 [29, 36, 6, 22, 25, 1, 21, 23, 18, 35, 16, 17, 2, 26, 33, 12, 32, 38, 9, 28, 15, 14, 30, 0, 8, 37, 24, 27, 3, 11, 10, 34, 5, 7, 20, 4, 31, 19, 13, 39, ]
19648 20056 -0.020343 [29, 36, 1, 6, 18, 25, 21, 16, 35, 17, 2, 22, 26, 33, 9, 23, 38, 12, 28, 15, 0, 14, 30, 32, 8, 24, 27, 37, 3, 11, 10, 20, 34, 5, 7, 4, 31, 19, 13, 39, ]
19648 21095 -0.0685945 [29, 36, 6, 18, 32, 1, 22, 25, 21, 35, 16, 17, 26, 2, 23, 12, 9, 38, 33, 28, 15, 0, 14, 30, 8, 24, 27, 3, 37, 31, 11, 10, 34, 5, 7, 4, 20, 13, 19, 39, ]
13774 14398 -0.0433394 [38, 27, 21, 37, 1, 30, 28, 34, 18, 22, 31, 12, 4, 15, 8, 32, 24, 9, 2, 17, 7, 3, 16, 36, 35, 20, 5, 14, 33, 11, 10, 29, 13, 23, 19, 26, 6, 39, 0, 25, ]
13774 15094 -0.087452 [38, 27, 37, 30, 21, 31, 28, 34, 18, 1, 12, 4, 3, 22, 17, 9, 8, 32, 24, 2, 15, 16, 7, 35, 20, 5, 33, 29, 10, 11, 23, 36, 13, 6, 25, 26, 14, 39, 0, 19, ]
13774 15302 -0.0998562 [27, 38, 21, 37, 30, 1, 28, 18, 34, 12, 31, 4, 22, 32, 17, 16, 35, 24, 3, 9, 2, 8, 7, 14, 20, 5, 33, 10, 23, 36, 11, 29, 13, 6, 19, 26, 15, 39, 0, 25, ]
46770 47219 -0.00950888 [27, 35, 1, 31, 26, 7, 17, 20, 8, 37, 19, 23, 14, 32, 16, 4, 18, 6, 33, 22, 25, 36, 2, 21, 34, 28, 30, 9, 10, 13, 24, 15, 0, 39, 38, 11, 29, 3, 12, 5, ]
46770 47070 -0.00637349 [35, 27, 1, 26, 31, 7, 17, 20, 16, 14, 23, 32, 19, 37, 8, 4, 18, 33, 6, 25, 36, 12, 21, 34, 39, 22, 9, 10, 28, 13, 24, 15, 30, 0, 38, 11, 29, 3, 2, 5, ]
46770 46967 -0.00419443 [27, 35, 1, 26, 31, 7, 17, 20, 37, 19, 14, 23, 32, 16, 8, 18, 4, 33, 25, 36, 12, 21, 22, 34, 6, 9, 10, 30, 28, 13, 24, 15, 0, 39, 38, 11, 29, 3, 2, 5, ]
50364 50492 -0.00253506 [17, 6, 27, 25, 30, 12, 16, 10, 2, 37, 28, 7, 38, 3, 21, 26, 22, 13, 14, 1, 5, 9, 23, 8, 35, 34, 32, 4, 0, 20, 15, 29, 36, 31, 19, 33, 18, 24, 11, 39, ]
50364 50556 -0.00379777 [17, 6, 27, 30, 12, 16, 28, 10, 2, 37, 25, 7, 38, 3, 21, 26, 29, 14, 1, 22, 13, 5, 9, 8, 23, 32, 34, 35, 4, 0, 20, 15, 36, 31, 19, 33, 18, 24, 11, 39, ]
50364 51272 -0.0177095 [17, 6, 25, 27, 30, 12, 2, 10, 16, 13, 37, 28, 7, 38, 22, 3, 21, 26, 29, 4, 14, 1, 5, 9, 35, 8, 34, 32, 23, 0, 20, 15, 36, 31, 19, 33, 18, 24, 11, 39, ]
25460 26123 -0.0253799 [17, 33, 0, 9, 18, 21, 34, 8, 3, 6, 35, 7, 28, 26, 13, 12, 24, 22, 15, 1, 23, 10, 11, 14, 37, 29, 31, 32, 5, 25, 2, 39, 20, 27, 19, 38, 16, 30, 4, 36, ]
25460 25721 -0.0101474 [17, 33, 0, 24, 18, 34, 8, 3, 9, 6, 35, 19, 28, 26, 21, 13, 12, 15, 10, 1, 23, 14, 11, 37, 29, 20, 5, 25, 32, 39, 2, 27, 22, 7, 38, 31, 16, 30, 4, 36, ]
25460 25957 -0.0191471 [17, 33, 0, 24, 18, 34, 8, 3, 21, 6, 35, 9, 28, 7, 22, 13, 12, 14, 26, 15, 1, 23, 11, 29, 37, 5, 20, 25, 2, 32, 39, 10, 27, 31, 19, 38, 16, 30, 4, 36, ]
66707 67107 -0.00596063 [31, 19, 34, 29, 5, 13, 26, 11, 15, 33, 35, 7, 9, 38, 25, 4, 12, 18, 17, 22, 37, 24, 28, 20, 32, 21, 1, 3, 0, 10, 39, 23, 16, 27, 8, 36, 6, 14, 30, 2, ]
66707 66822 -0.00172099 [31, 19, 5, 29, 34, 13, 15, 33, 20, 35, 7, 26, 38, 4, 9, 25, 18, 12, 17, 22, 1, 37, 28, 24, 11, 32, 21, 3, 10, 39, 23, 16, 27, 0, 8, 36, 6, 14, 30, 2, ]
66707 66771 -0.0009585 [19, 31, 5, 29, 34, 13, 15, 33, 20, 35, 7, 26, 9, 38, 4, 12, 25, 18, 17, 22, 37, 24, 28, 11, 32, 21, 1, 3, 10, 39, 23, 0, 16, 27, 8, 36, 6, 14, 30, 2, ]
69019 69413 -0.00567617 [20, 35, 9, 25, 10, 28, 16, 11, 4, 23, 14, 27, 8, 37, 18, 0, 33, 2, 29, 15, 5, 32, 12, 26, 17, 6, 31, 34, 22, 24, 38, 36, 39, 1, 21, 13, 3, 7, 19, 30, ]
69019 69105 -0.00124448 [20, 9, 35, 25, 10, 28, 11, 14, 30, 4, 16, 8, 37, 18, 27, 0, 2, 33, 29, 15, 5, 6, 12, 32, 17, 31, 26, 34, 24, 36, 38, 22, 39, 1, 21, 13, 3, 7, 19, 23, ]
69019 69348 -0.00474419 [23, 20, 9, 35, 25, 10, 28, 11, 16, 14, 4, 8, 27, 37, 18, 0, 33, 2, 29, 15, 5, 32, 12, 6, 17, 31, 26, 34, 24, 36, 38, 22, 39, 1, 21, 13, 3, 7, 19, 30, ]
122266 122570 -0.00248022 [18, 16, 13, 22, 36, 38, 27, 23, 10, 33, 32, 11, 0, 20, 9, 3, 21, 28, 34, 39, 14, 7, 35, 1, 26, 37, 24, 12, 5, 17, 8, 19, 6, 4, 29, 15, 2, 25, 30, 31, ]
122266 122323 -0.000465979 [18, 16, 13, 38, 22, 36, 23, 27, 10, 32, 33, 20, 0, 21, 11, 9, 3, 28, 37, 39, 14, 7, 34, 1, 26, 24, 35, 12, 17, 5, 8, 19, 6, 4, 29, 15, 2, 25, 30, 31, ]
122266 122604 -0.00275684 [18, 16, 29, 38, 22, 36, 23, 20, 33, 32, 27, 11, 0, 9, 10, 3, 21, 28, 34, 39, 14, 7, 24, 26, 1, 17, 37, 12, 5, 35, 8, 19, 6, 4, 15, 13, 2, 25, 30, 31, ]
82456 83304 -0.0101796 [32, 11, 33, 21, 14, 9, 38, 20, 35, 37, 0, 19, 24, 17, 3, 39, 29, 25, 36, 12, 2, 22, 34, 6, 15, 5, 28, 8, 1, 16, 31, 4, 18, 26, 10, 13, 27, 23, 7, 30, ]
82456 82605 -0.00180376 [11, 33, 9, 21, 3, 14, 38, 35, 37, 0, 19, 24, 32, 12, 20, 17, 29, 6, 36, 25, 39, 34, 15, 22, 5, 2, 31, 28, 8, 16, 1, 4, 18, 26, 27, 10, 13, 23, 7, 30, ]
82456 82892 -0.00525986 [11, 21, 32, 33, 9, 35, 38, 14, 37, 20, 19, 0, 24, 34, 3, 17, 12, 29, 6, 36, 39, 25, 5, 22, 15, 28, 2, 16, 31, 8, 1, 4, 18, 26, 27, 10, 13, 23, 7, 30, ]
75118 75526 -0.00540211 [26, 23, 15, 29, 21, 19, 33, 16, 5, 17, 22, 34, 25, 11, 4, 31, 0, 35, 39, 14, 30, 37, 7, 32, 20, 9, 6, 12, 13, 3, 28, 24, 1, 2, 38, 10, 27, 8, 36, 18, ]
75118 75419 -0.00399104 [23, 26, 15, 29, 21, 19, 33, 16, 5, 34, 17, 22, 11, 25, 4, 31, 39, 0, 3, 35, 12, 14, 7, 32, 20, 9, 6, 30, 13, 37, 28, 24, 1, 2, 38, 10, 27, 8, 36, 18, ]
75118 75712 -0.00784552 [26, 15, 29, 23, 21, 19, 33, 16, 5, 17, 22, 34, 11, 25, 4, 0, 31, 35, 30, 14, 20, 39, 37, 7, 32, 9, 6, 12, 3, 13, 28, 24, 1, 2, 38, 10, 27, 8, 36, 18, ]
73041 74912 -0.024976 [19, 16, 0, 21, 30, 29, 9, 22, 35, 6, 15, 31, 24, 2, 25, 4, 10, 26, 38, 1, 18, 3, 11, 23, 32, 12, 39, 5, 37, 27, 34, 7, 14, 17, 8, 28, 20, 13, 33, 36, ]
73041 73800 -0.0102846 [19, 0, 16, 2, 35, 21, 29, 30, 22, 15, 9, 31, 6, 7, 4, 24, 25, 26, 1, 13, 18, 23, 11, 3, 32, 38, 39, 12, 5, 27, 34, 14, 8, 17, 28, 37, 20, 10, 33, 36, ]
73041 73739 -0.00946582 [19, 0, 16, 35, 2, 21, 29, 30, 22, 15, 31, 3, 6, 24, 4, 9, 26, 25, 18, 13, 1, 11, 23, 38, 32, 39, 5, 12, 7, 27, 34, 14, 8, 17, 28, 37, 20, 10, 33, 36, ]
104531 104639 -0.00103212 [9, 17, 26, 37, 23, 4, 21, 35, 22, 15, 28, 11, 18, 3, 24, 36, 20, 0, 5, 8, 29, 6, 27, 7, 1, 10, 38, 33, 34, 19, 25, 32, 16, 31, 12, 2, 39, 13, 30, 14, ]
104531 104755 -0.00213832 [9, 17, 26, 23, 37, 4, 21, 35, 11, 18, 28, 15, 22, 3, 24, 36, 20, 0, 5, 29, 8, 6, 27, 7, 1, 10, 38, 33, 34, 19, 25, 32, 16, 31, 12, 2, 39, 13, 30, 14, ]
104531 104644 -0.00107985 [9, 17, 26, 37, 4, 21, 35, 22, 15, 18, 28, 3, 24, 23, 11, 20, 0, 36, 5, 8, 29, 6, 27, 7, 1, 10, 38, 33, 34, 19, 25, 32, 16, 31, 12, 2, 39, 13, 30, 14, ]
